          dfdx
   36.879868204685195     
   9.7889080157989596     
   9.1473054140342356     
   9.6630832621159755     
   10.026819123500275     
   10.226887930708585     
   10.330632820596747     
   10.383337878389739     
   10.409887251834334     
   10.423209769998721     
   10.429882816548343     
   10.433222265521181     
   10.434892718796618     
   10.435728127311449     
   10.436145876999944     
   10.436354763223790     
   10.436459209071472     
   10.436511432752013     
   10.436537545174360     
   10.436550600454211     
   10.436557129025459     
   10.436560392379761     
   10.436562031507492     
   10.436562836170197     
   10.436563253402710     
   10.436563491821289     
   10.436563491821289     
   10.436563968658447     
   10.436563491821289     
   10.436563491821289     
   10.436565399169922     
   10.436561584472656     
   10.436569213867188     
   10.436553955078125     
   10.436584472656250     
   10.436645507812500     
   10.436523437500000     
   10.436523437500000     
   10.436523437500000     
   10.437500000000000     
   10.437500000000000     
   10.437500000000000     
   10.437500000000000     
   10.437500000000000     
   10.437500000000000     
   10.500000000000000     
   10.500000000000000     
   10.500000000000000     
   11.000000000000000     
   10.000000000000000     
   12.000000000000000     
   8.0000000000000000     
   16.000000000000000     
   0.0000000000000000     
   0.0000000000000000     
   0.0000000000000000     
   0.0000000000000000     
   0.0000000000000000     
   0.0000000000000000     
   0.0000000000000000     
