          dfdx
   26.799075016572118     
   11.953710419670783     
   10.718857050014609     
   10.501754781084969     
   10.452534753189042     
   10.440536161475052     
   10.437555518517115     
   10.436811543320118     
   10.436625623581676     
   10.436579148275996     
   10.436567529737658     
   10.436564625120809     
   10.436563898969325     
   10.436563717434183     
   10.436563672061311     
   10.436563660739921     
   10.436563657829538     
   10.436563657131046     
   10.436563657131046     
   10.436563656665385     
   10.436563657596707     
   10.436563655734062     
   10.436563655734062     
   10.436563655734062     
   10.436563640832901     
   10.436563670635223     
   10.436563611030579     
   10.436563730239868     
   10.436563491821289     
   10.436563491821289     
   10.436563491821289     
   10.436561584472656     
   10.436569213867188     
   10.436553955078125     
   10.436584472656250     
   10.436584472656250     
   10.436523437500000     
   10.436523437500000     
   10.436523437500000     
   10.436523437500000     
   10.437500000000000     
   10.437500000000000     
   10.437500000000000     
   10.437500000000000     
   10.437500000000000     
   10.437500000000000     
   10.500000000000000     
   10.500000000000000     
   10.500000000000000     
   10.000000000000000     
   10.000000000000000     
   8.0000000000000000     
   8.0000000000000000     
   16.000000000000000     
   0.0000000000000000     
   0.0000000000000000     
   0.0000000000000000     
   0.0000000000000000     
   0.0000000000000000     
   0.0000000000000000     
