        1000   9.9999999999999995E-007   99.999939207289827     
         999   2.0020030040050059E-006   99.999878292811587     
         998   3.0060150360851984E-006   99.999817256199108     
         997   4.0120421444916614E-006   99.999756097084656     
         996   5.0200904017778344E-006   99.999694815099090     
         995   6.0301659049216941E-006   99.999633409871777     
         994   7.0422747754486793E-006   99.999571881030519     
         993   8.0564231595553515E-006   99.999510228201743     
         992   9.0726172282338120E-006   99.999448451010238     
         991   1.0090863177396865E-005   99.999386549079333     
         990   1.1111167228003947E-005   99.999324522030889     
         989   1.2133535626187811E-005   99.999262369485152     
         988   1.3157974643381995E-005   99.999200091060885     
         987   1.4184490576449050E-005   99.999137686375249     
         986   1.5213089747809558E-005   99.999075155043940     
         985   1.6243778505571932E-005   99.999012496680990     
         984   1.7276563223663016E-005   99.998949710898941     
         983   1.8311450301959469E-005   99.998886797308714     
         982   1.9348446166419960E-005   99.998823755519666     
         981   2.0387557269218181E-005   99.998760585139536     
         980   2.1428790088876656E-005   99.998697285774512     
         979   2.2472151130401384E-005   99.998633857029091     
         978   2.3517646925417297E-005   99.998570298506223     
         977   2.4565284032304569E-005   99.998506609807208     
         976   2.5615069036335745E-005   99.998442790531698     
         975   2.6667008549813720E-005   99.998378840277724     
         974   2.7721109212210575E-005   99.998314758641655     
         973   2.8777377690307265E-005   99.998250545218170     
         972   2.9835820678334157E-005   99.998186199600354     
         971   3.0896444898112468E-005   99.998121721379547     
         970   3.1959257099196536E-005   99.998057110145439     
         969   3.3024264059017017E-005   99.997992365485970     
         968   3.4091472583024942E-005   99.997927486987464     
         967   3.5160889504836665E-005   99.997862474234466     
         966   3.6232521686379732E-005   99.997797326809845     
         965   3.7306376018039640E-005   99.997732044294679     
         964   3.8382459418807535E-005   99.997666626268355     
         963   3.9460778836428786E-005   99.997601072308512     
         962   4.0541341247552531E-005   99.997535381991014     
         961   4.1624153657882127E-005   99.997469554889960     
         960   4.2709223102326571E-005   99.997403590577690     
         959   4.3796556645152836E-005   99.997337488624765     
         958   4.4886161380139175E-005   99.997271248599873     
         957   4.5978044430729392E-005   99.997204870070036     
         956   4.7072212950188088E-005   99.997138352600331     
         955   4.8168674121756847E-005   99.997071695754087     
         954   4.9267435158811465E-005   99.997004899092815     
         953   5.0368503305020100E-005   99.996937962176105     
         952   5.1471885834502480E-005   99.996870884561773     
         951   5.2577590051990078E-005   99.996803665805729     
         950   5.3685623292987310E-005   99.996736305462036     
         949   5.4795992923933754E-005   99.996668803082841     
         948   5.5908706342367409E-005   99.996601158218496     
         947   5.7023770977088960E-005   99.996533370417310     
         946   5.8141194288327110E-005   99.996465439225787     
         945   5.9260983767904946E-005   99.996397364188496     
         944   6.0383146939407386E-005   99.996329144848033     
         943   6.1507691358349658E-005   99.996260780745075     
         942   6.2634624612346895E-005   99.996192271418366     
         941   6.3763954321284749E-005   99.996123616404674     
         940   6.4895688137491171E-005   99.996054815238779     
         939   6.6029833745909254E-005   99.995985867453498     
         938   6.7166398864271148E-005   99.995916772579648     
         937   6.8305391243273135E-005   99.995847530146037     
         936   6.9446818666751847E-005   99.995778139679487     
         935   7.0590688951861517E-005   99.995708600704774     
         934   7.1737009949252489E-005   99.995638912744596     
         933   7.2885789543250811E-005   99.995569075319651     
         932   7.4037035652038961E-005   99.995499087948630     
         931   7.5190756227837827E-005   99.995428950148025     
         930   7.6346959257089767E-005   99.995358661432348     
         929   7.7505652760642899E-005   99.995288221313999     
         928   7.8666844793936596E-005   99.995217629303241     
         927   7.9830543447188143E-005   99.995146884908266     
         926   8.0996756845580628E-005   99.995075987635133     
         925   8.2165493149452071E-005   99.995004936987726     
         924   8.3336760554485713E-005   99.994933732467828     
         923   8.4510567291901621E-005   99.994862373575018     
         922   8.5686921628649515E-005   99.994790859806756     
         921   8.6865831867602826E-005   99.994719190658259     
         920   8.8047306347754055E-005   99.994647365622598     
         919   8.9231353444411366E-005   99.994575384190597     
         918   9.0417981569396535E-005   99.994503245850893     
         917   9.1607199171244105E-005   99.994430950089878     
         916   9.2799014735401922E-005   99.994358496391698     
         915   9.3993436784432942E-005   99.994285884238238     
         914   9.5190473878218405E-005   99.994213113109112     
         913   9.6390134614162282E-005   99.994140182481658     
         912   9.7592427627397126E-005   99.994067091830956     
         911   9.8797361590991249E-005   99.993993840629727     
         910   1.0000494521615730E-004   99.993920428348360     
         909   1.0121518725246214E-004   99.993846854455001     
         908   1.0242809648803822E-004   99.993773118415348     
         907   1.0364368174979628E-004   99.993699219692829     
         906   1.0486195190363943E-004   99.993625157748440     
         905   1.0608291585467878E-004   99.993550932040819     
         904   1.0730658254745033E-004   99.993476542026201     
         903   1.0853296096613347E-004   99.993401987158421     
         902   1.0976206013477079E-004   99.993327266888883     
         901   1.1099388911748946E-004   99.993252380666533     
         900   1.1222845701872402E-004   99.993177327937900     
         899   1.1346577298344072E-004   99.993102108147042     
         898   1.1470584619736327E-004   99.993026720735543     
         897   1.1594868588720019E-004   99.992951165142472     
         896   1.1719430132087366E-004   99.992875440804426     
         895   1.1844270180774986E-004   99.992799547155428     
         894   1.1969389669887087E-004   99.992723483627017     
         893   1.2094789538718824E-004   99.992647249648186     
         892   1.2220470730779794E-004   99.992570844645343     
         891   1.2346434193817704E-004   99.992494268042321     
         890   1.2472680879842195E-004   99.992417519260371     
         889   1.2599211745148824E-004   99.992340597718126     
         888   1.2726027750343207E-004   99.992263502831619     
         887   1.2853129860365337E-004   99.992186234014241     
         886   1.2980519044514046E-004   99.992108790676710     
         885   1.3108196276471657E-004   99.992031172227115     
         884   1.3236162534328784E-004   99.991953378070846     
         883   1.3364418800609315E-004   99.991875407610593     
         882   1.3492966062295548E-004   99.991797260246329     
         881   1.3621805310853514E-004   99.991718935375346     
         880   1.3750937542258472E-004   99.991640432392160     
         879   1.3880363757020567E-004   99.991561750688518     
         878   1.4010084960210670E-004   99.991482889653412     
         877   1.4140102161486399E-004   99.991403848673045     
         876   1.4270416375118309E-004   99.991324627130822     
         875   1.4401028620016269E-004   99.991245224407308     
         874   1.4531939919756016E-004   99.991165639880265     
         873   1.4663151302605901E-004   99.991085872924558     
         872   1.4794663801553801E-004   99.991005922912223     
         871   1.4926478454334232E-004   99.990925789212369     
         870   1.5058596303455649E-004   99.990845471191250     
         869   1.5191018396227919E-004   99.990764968212176     
         868   1.5323745784790005E-004   99.990684279635502     
         867   1.5456779526137822E-004   99.990603404818685     
         866   1.5590120682152308E-004   99.990522343116140     
         865   1.5723770319627667E-004   99.990441093879383     
         864   1.5857729510299821E-004   99.990359656456818     
         863   1.5991999330875061E-004   99.990278030193934     
         862   1.6126580863058888E-004   99.990196214433112     
         861   1.6261475193585069E-004   99.990114208513688     
         860   1.6396683414244886E-004   99.990032011771959     
         859   1.6532206621916584E-004   99.989949623541079     
         858   1.6668045918595041E-004   99.989867043151136     
         857   1.6804202411421635E-004   99.989784269929061     
         856   1.6940677212714324E-004   99.989701303198629     
         855   1.7077471439997933E-004   99.989618142280491     
         854   1.7214586216034657E-004   99.989534786492058     
         853   1.7352022668854785E-004   99.989451235147612     
         852   1.7489781931787624E-004   99.989367487558141     
         851   1.7627865143492663E-004   99.989283543031434     
         850   1.7766273447990933E-004   99.989199400872025     
         849   1.7905007994696611E-004   99.989115060381110     
         848   1.8044069938448837E-004   99.989030520856673     
         847   1.8183460439543750E-004   99.988945781593316     
         846   1.8323180663766767E-004   99.988860841882314     
         845   1.8463231782425078E-004   99.988775701011647     
         844   1.8603614972380380E-004   99.988690358265828     
         843   1.8744331416081840E-004   99.988604812926027     
         842   1.8885382301599301E-004   99.988519064269994     
         841   1.9026768822656703E-004   99.988433111571993     
         840   1.9168492178665774E-004   99.988346954102909     
         839   1.9310553574759936E-004   99.988260591130100     
         838   1.9452954221828476E-004   99.988174021917416     
         837   1.9595695336550937E-004   99.988087245725239     
         836   1.9738778141431779E-004   99.988000261810342     
         835   1.9882203864835272E-004   99.987913069425986     
         834   2.0025973741020654E-004   99.987825667821824     
         833   2.0170089010177538E-004   99.987738056243899     
         832   2.0314550918461562E-004   99.987650233934673     
         831   2.0459360718030320E-004   99.987562200132899     
         830   2.0604519667079529E-004   99.987473954073707     
         829   2.0750029029879477E-004   99.987385494988473     
         828   2.0895890076811727E-004   99.987296822104938     
         827   2.1042104084406082E-004   99.987207934647060     
         826   2.1188672335377829E-004   99.987118831835019     
         825   2.1335596118665249E-004   99.987029512885258     
         824   2.1482876729467398E-004   99.986939977010366     
         823   2.1630515469282170E-004   99.986850223419154     
         822   2.1778513645944633E-004   99.986760251316525     
         821   2.1926872573665646E-004   99.986670059903560     
         820   2.2075593573070762E-004   99.986579648377415     
         819   2.2224677971239410E-004   99.986489015931298     
         818   2.2374127101744369E-004   99.986398161754522     
         817   2.2523942304691533E-004   99.986307085032394     
         816   2.2674124926759967E-004   99.986215784946197     
         815   2.2824676321242258E-004   99.986124260673265     
         814   2.2975597848085160E-004   99.986032511386853     
         813   2.3126890873930548E-004   99.985940536256109     
         812   2.3278556772156665E-004   99.985848334446160     
         811   2.3430596922919679E-004   99.985755905117941     
         810   2.3583012713195551E-004   99.985663247428278     
         809   2.3735805536822212E-004   99.985570360529834     
         808   2.3888976794542044E-004   99.985477243571026     
         807   2.4042527894044692E-004   99.985383895696117     
         806   2.4196460250010187E-004   99.985290316045095     
         805   2.4350775284152389E-004   99.985196503753599     
         804   2.4505474425262755E-004   99.985102457953090     
         803   2.4660559109254449E-004   99.985008177770609     
         802   2.4816030779206748E-004   99.984913662328864     
         801   2.4971890885409822E-004   99.984818910746213     
         800   2.5128140885409821E-004   99.984723922136567     
         799   2.5284782244054308E-004   99.984628695609359     
         798   2.5441816433538044E-004   99.984533230269662     
         797   2.5599244933449097E-004   99.984437525217956     
         796   2.5757069230815323E-004   99.984341579550247     
         795   2.5915290820151189E-004   99.984245392358005     
         794   2.6073911203504933E-004   99.984148962728057     
         793   2.6232931890506105E-004   99.984052289742678     
         792   2.6392354398413459E-004   99.983955372479471     
         791   2.6552180252163211E-004   99.983858210011405     
         790   2.6712410984417660E-004   99.983760801406703     
         789   2.6873048135614164E-004   99.983663145728926     
         788   2.7034093254014535E-004   99.983565242036832     
         787   2.7195547895754761E-004   99.983467089384391     
         786   2.7357413624895126E-004   99.983368686820796     
         785   2.7519692013470726E-004   99.983270033390340     
         784   2.7682384641542363E-004   99.983171128132454     
         783   2.7845493097247817E-004   99.983071970081696     
         782   2.8009018976853523E-004   99.982972558267619     
         781   2.8172963884806656E-004   99.982872891714877     
         780   2.8337329433787592E-004   99.982772969443033     
         779   2.8502117244762789E-004   99.982672790466694     
         778   2.8667328947038086E-004   99.982572353795334     
         777   2.8832966178312384E-004   99.982471658433369     
         776   2.8999030584731769E-004   99.982370703380056     
         775   2.9165523820944049E-004   99.982269487629466     
         774   2.9332447550153699E-004   99.982168010170554     
         773   2.9499803444177255E-004   99.982066269986916     
         772   2.9667593183499116E-004   99.981964266056963     
         771   2.9835818457327803E-004   99.981861997353789     
         770   3.0004480963652646E-004   99.981759462845119     
         769   3.0173582409300903E-004   99.981656661493361     
         768   3.0343124509995346E-004   99.981553592255437     
         767   3.0513108990412282E-004   99.981450254082901     
         766   3.0683537584240037E-004   99.981346645921789     
         765   3.0854412034237903E-004   99.981242766712626     
         764   3.1025734092295521E-004   99.981138615390378     
         763   3.1197505519492776E-004   99.981034190884458     
         762   3.1369728086160133E-004   99.980929492118648     
         761   3.1542403571939442E-004   99.980824518010991     
         760   3.1715533765845258E-004   99.980719267473987     
         759   3.1889120466326612E-004   99.980613739414238     
         758   3.2063165481329293E-004   99.980507932732678     
         757   3.2237670628358606E-004   99.980401846324369     
         756   3.2412637734542644E-004   99.980295479078592     
         755   3.2588068636696057E-004   99.980188829878685     
         754   3.2763965181384331E-004   99.980081897602020     
         753   3.2940329224988578E-004   99.979974681120140     
         752   3.3117162633770832E-004   99.979867179298424     
         751   3.3294467283939894E-004   99.979759390996293     
         750   3.3472245061717674E-004   99.979651315067088     
         749   3.3650497863406084E-004   99.979542950357953     
         748   3.3829227595454472E-004   99.979434295709936     
         747   3.4008436174527571E-004   99.979325349957833     
         746   3.4188125527574026E-004   99.979216111930199     
         745   3.4368297591895453E-004   99.979106580449312     
         744   3.4548954315216066E-004   99.978996754331078     
         743   3.4730097655752868E-004   99.978886632385027     
         742   3.4911729582286384E-004   99.978776213414335     
         741   3.5093852074232016E-004   99.978665496215626     
         740   3.5276467121711931E-004   99.978554479579046     
         739   3.5459576725627547E-004   99.978443162288215     
         738   3.5643182897732628E-004   99.978331543120134     
         737   3.5827287660706951E-004   99.978219620845138     
         736   3.6011893048230583E-004   99.978107394226910     
         735   3.6197001105058756E-004   99.977994862022385     
         734   3.6382613887097378E-004   99.977882022981746     
         733   3.6568733461479134E-004   99.977768875848298     
         732   3.6755361906640232E-004   99.977655419358499     
         731   3.6942501312397765E-004   99.977541652241925     
         730   3.7130153780027712E-004   99.977427573221121     
         729   3.7318321422343605E-004   99.977313181011652     
         728   3.7507006363775801E-004   99.977198474322051     
         727   3.7696210740451443E-004   99.977083451853673     
         726   3.7885936700275073E-004   99.976968112300781     
         725   3.8076186403009912E-004   99.976852454350364     
         724   3.8266962020359809E-004   99.976736476682206     
         723   3.8458265736051879E-004   99.976620177968741     
         722   3.8650099745919821E-004   99.976503556875087     
         721   3.8842466257987932E-004   99.976386612058917     
         720   3.9035367492555833E-004   99.976269342170454     
         719   3.9228805682283877E-004   99.976151745852377     
         718   3.9422783072279300E-004   99.976033821739847     
         717   3.9617301920183065E-004   99.975915568460380     
         716   3.9812364496257468E-004   99.975796984633831     
         715   4.0007973083474446E-004   99.975678068872313     
         714   4.0204129977604650E-004   99.975558819780147     
         713   4.0400837487307250E-004   99.975439235953871     
         712   4.0598097934220516E-004   99.975319315982063     
         711   4.0795913653053167E-004   99.975199058445412     
         710   4.0994286991676455E-004   99.975078461916581     
         709   4.1193220311217080E-004   99.974957524960161     
         708   4.1392715986150849E-004   99.974836246132668     
         707   4.1592776404397161E-004   99.974714623982422     
         706   4.1793403967414278E-004   99.974592657049470     
         705   4.1994601090295419E-004   99.974470343865661     
         704   4.2196370201865667E-004   99.974347682954416     
         703   4.2398713744779698E-004   99.974224672830786     
         702   4.2601634175620356E-004   99.974101312001380     
         701   4.2805133964998076E-004   99.973977598964197     
         700   4.3009215597651136E-004   99.973853532208707     
         699   4.3213881572546806E-004   99.973729110215743     
         698   4.3419134402983338E-004   99.973604331457395     
         697   4.3624976616692839E-004   99.973479194396958     
         696   4.3831410755945053E-004   99.973353697488960     
         695   4.4038439377652006E-004   99.973227839178975     
         694   4.4246065053473582E-004   99.973101617903609     
         693   4.4454290369924009E-004   99.972975032090432     
         692   4.4663117928479254E-004   99.972848080157974     
         691   4.4872550345685381E-004   99.972720760515543     
         690   4.5082590253267823E-004   99.972593071563267     
         689   4.5293240298241607E-004   99.972465011691895     
         688   4.5504503143022567E-004   99.972336579282953     
         687   4.5716381465539513E-004   99.972207772708416     
         686   4.5928877959347368E-004   99.972078590330753     
         685   4.6141995333741316E-004   99.971949030502998     
         684   4.6355736313871953E-004   99.971819091568406     
         683   4.6570103640861441E-004   99.971688771860570     
         682   4.6785100071920684E-004   99.971558069703320     
         681   4.7000728380467544E-004   99.971426983410637     
         680   4.7216991356246091E-004   99.971295511286542     
         679   4.7433891805446924E-004   99.971163651625062     
         678   4.7651432550828535E-004   99.971031402710182     
         677   4.7869616431839773E-004   99.970898762815736     
         676   4.8088446304743384E-004   99.970765730205287     
         675   4.8307925042740638E-004   99.970632303132192     
         674   4.8528055536097101E-004   99.970498479839335     
         673   4.8748840692269482E-004   99.970364258559215     
         672   4.8970283436033653E-004   99.970229637513768     
         671   4.9192386709613807E-004   99.970094614914345     
         670   4.9415153472812741E-004   99.969959188961596     
         669   4.9638586703143353E-004   99.969823357845428     
         668   4.9862689395961310E-004   99.969687119744876     
         667   5.0087464564598882E-004   99.969550472828018     
         666   5.0312915240500013E-004   99.969413415252021     
         665   5.0539044473356593E-004   99.969275945162835     
         664   5.0765855331245978E-004   99.969138060695343     
         663   5.0993350900769760E-004   99.968999759973059     
         662   5.1221534287193766E-004   99.968861041108255     
         661   5.1450408614589331E-004   99.968721902201736     
         660   5.1679977025975926E-004   99.968582341342710     
         659   5.1910242683464967E-004   99.968442356608904     
         658   5.2141208768405052E-004   99.968301946066262     
         657   5.2372878481528448E-004   99.968161107768978     
         656   5.2605255043098947E-004   99.968019839759364     
         655   5.2838341693061070E-004   99.967878140067768     
         654   5.3072141691190675E-004   99.967736006712499     
         653   5.3306658317246877E-004   99.967593437699676     
         652   5.3541894871125459E-004   99.967450431023224     
         651   5.3777854673013614E-004   99.967306984664702     
         650   5.4014541063546163E-004   99.967163096593254     
         649   5.4251957403963211E-004   99.967018764765498     
         648   5.4490107076269267E-004   99.966873987125410     
         647   5.4728993483393819E-004   99.966728761604244     
         646   5.4968620049353429E-004   99.966583086120480     
         645   5.5208990219415323E-004   99.966436958579621     
         644   5.5450107460262507E-004   99.966290376874184     
         643   5.5691975260160442E-004   99.966143338883569     
         642   5.5934597129125223E-004   99.965995842473916     
         641   5.6177976599093408E-004   99.965847885498093     
         640   5.6422117224093403E-004   99.965699465795481     
         639   5.6667022580418451E-004   99.965550581191991     
         638   5.6912696266801246E-004   99.965401229499832     
         637   5.7159141904590234E-004   99.965251408517489     
         636   5.7406363137927523E-004   99.965101116029572     
         635   5.7654363633928519E-004   99.964950349806799     
         634   5.7903147082863230E-004   99.964799107605685     
         633   5.8152717198339322E-004   99.964647387168682     
         632   5.8403077717486898E-004   99.964495186223843     
         631   5.8654232401145017E-004   99.964342502484911     
         630   5.8906185034050026E-004   99.964189333650964     
         629   5.9158939425025679E-004   99.964035677406585     
         628   5.9412499407175061E-004   99.963881531421492     
         627   5.9666868838074332E-004   99.963726893350568     
         626   5.9922051599968398E-004   99.963571760833673     
         625   6.0178051599968395E-004   99.963416131495606     
         624   6.0434872770251109E-004   99.963260002945859     
         623   6.0692519068260276E-004   99.963103372778619     
         622   6.0950994476909894E-004   99.962946238572528     
         621   6.1210303004789453E-004   99.962788597890693     
         620   6.1470448686371134E-004   99.962630448280436     
         619   6.1731435582219093E-004   99.962471787273216     
         618   6.1993267779200689E-004   99.962312612384522     
         617   6.2255949390699838E-004   99.962152921113727     
         616   6.2519484556832405E-004   99.961992710943960     
         615   6.2783877444663727E-004   99.961831979341895     
         614   6.3049132248428228E-004   99.961670723757805     
         613   6.3315253189751225E-004   99.961508941625212     
         612   6.3582244517872892E-004   99.961346630360865     
         611   6.3850110509874414E-004   99.961183787364689     
         610   6.4118855470906395E-004   99.961020410019373     
         609   6.4388483734419491E-004   99.960856495690550     
         608   6.4658999662397328E-004   99.960692041726460     
         607   6.4930407645591741E-004   99.960527045457809     
         606   6.5202712103760334E-004   99.960361504197749     
         605   6.5475917485906363E-004   99.960195415241557     
         604   6.5750028270521069E-004   99.960028775866689     
         603   6.6025048965828389E-004   99.959861583332426     
         602   6.6300984110032100E-004   99.959693834879928     
         601   6.6577838271565431E-004   99.959525527731856     
         600   6.6855616049343208E-004   99.959356659092464     
         599   6.7134322073016497E-004   99.959187226147222     
         598   6.7413961003229804E-004   99.959017226062812     
         597   6.7694537531880878E-004   99.958846655986903     
         596   6.7976056382383111E-004   99.958675513047993     
         595   6.8258522309930605E-004   99.958503794355281     
         594   6.8541940101765901E-004   99.958331496998483     
         593   6.8826314577450460E-004   99.958158618047634     
         592   6.9111650589137824E-004   99.957985154553000     
         591   6.9397953021849590E-004   99.957811103544827     
         590   6.9685226793754214E-004   99.957636462033221     
         589   6.9973476856448607E-004   99.957461227008011     
         588   7.0262708195242623E-004   99.957285395438461     
         587   7.0552925829446512E-004   99.957108964273175     
         586   7.0844134812661226E-004   99.956931930439978     
         585   7.1136340233071769E-004   99.956754290845609     
         584   7.1429547213743569E-004   99.956576042375602     
         583   7.1723760912921833E-004   99.956397181894147     
         582   7.2018986524334072E-004   99.956217706243805     
         581   7.2315229277495718E-004   99.956037612245424     
         580   7.2612494438018904E-004   99.955856896697910     
         579   7.2910787307924432E-004   99.955675556377983     
         578   7.3210113225957024E-004   99.955493588040127     
         577   7.3510477567903802E-004   99.955310988416244     
         576   7.3811885746916149E-004   99.955127754215496     
         575   7.4114343213834864E-004   99.954943882124198     
         574   7.4417855457518771E-004   99.954759368805512     
         573   7.4722428005176758E-004   99.954574210899310     
         572   7.5028066422703284E-004   99.954388405021930     
         571   7.5334776315017437E-004   99.954201947765981     
         570   7.5642563326405558E-004   99.954014835700178     
         569   7.5951433140867457E-004   99.953827065369012     
         568   7.6261391482466349E-004   99.953638633292712     
         567   7.6572444115682414E-004   99.953449535966882     
         566   7.6884596845770193E-004   99.953259769862342     
         565   7.7197855519119715E-004   99.953069331424913     
         564   7.7512226023621501E-004   99.952878217075209     
         563   7.7827714289035468E-004   99.952686423208348     
         562   7.8144326287363751E-004   99.952493946193783     
         561   7.8462068033227552E-004   99.952300782375076     
         560   7.8780945584247964E-004   99.952106928069654     
         559   7.9100965041430961E-004   99.951912379568512     
         558   7.9422132549556497E-004   99.951717133136071     
         557   7.9744454297571801E-004   99.951521185009952     
         556   8.0067936518988907E-004   99.951324531400587     
         555   8.0392585492286529E-004   99.951127168491126     
         554   8.0718407541316233E-004   99.950929092437136     
         553   8.1045409035713058E-004   99.950730299366356     
         552   8.1373596391310624E-004   99.950530785378390     
         551   8.1702976070560695E-004   99.950330546544592     
         550   8.2033554582957387E-004   99.950129578907593     
         549   8.2365338485466000E-004   99.949927878481304     
         548   8.2698334382956540E-004   99.949725441250422     
         547   8.3032548928642000E-004   99.949522263170252     
         546   8.3367988824521462E-004   99.949318340166514     
         545   8.3704660821828090E-004   99.949113668134899     
         544   8.4042571721482074E-004   99.948908242941002     
         543   8.4381728374548562E-004   99.948702060419819     
         542   8.4722137682700688E-004   99.948495116375682     
         541   8.5063806598687723E-004   99.948287406581784     
         540   8.5406742126808435E-004   99.948078926780056     
         539   8.5750951323389744E-004   99.947869672680739     
         538   8.6096441297270701E-004   99.947659639962211     
         537   8.6443219210291869E-004   99.947448824270552     
         536   8.6791292277790203E-004   99.947237221219382     
         535   8.7140667769099493E-004   99.947024826389509     
         534   8.7491353008056414E-004   99.946811635328530     
         533   8.7843355373512305E-004   99.946597643550646     
         532   8.8196682299850710E-004   99.946382846536324     
         531   8.8551341277510738E-004   99.946167239731864     
         530   8.8907339853516439E-004   99.945950818549306     
         529   8.9264685632012080E-004   99.945733578365818     
         528   8.9623386274803628E-004   99.945515514523606     
         527   8.9983449501906303E-004   99.945296622329479     
         526   9.0344883092098442E-004   99.945076897054491     
         525   9.0707694883481664E-004   99.944856333933615     
         524   9.1071892774047486E-004   99.944634928165527     
         523   9.1437484722250420E-004   99.944412674911987     
         522   9.1804478747587685E-004   99.944189569297762     
         521   9.2172882931185597E-004   99.943965606410117     
         520   9.2542705416392697E-004   99.943740781298487     
         519   9.2913954409379806E-004   99.943515088974110     
         518   9.3286638179746969E-004   99.943288524409681     
         517   9.3660765061137521E-004   99.943061082538946     
         516   9.4036343451859238E-004   99.942832758256358     
         515   9.4413381815512741E-004   99.942603546416663     
         514   9.4791888681627294E-004   99.942373441834505     
         513   9.5171872646303984E-004   99.942142439284126     
         512   9.5553342372866484E-004   99.941910533498799     
         511   9.5936306592519442E-004   99.941677719170627     
         510   9.6320774105014637E-004   99.941443990949992     
         509   9.6706753779324988E-004   99.941209343445223     
         508   9.7094254554326543E-004   99.940973771222104     
         507   9.7483285439488516E-004   99.940737268803574     
         506   9.7873855515571572E-004   99.940499830669154     
         505   9.8265973935334340E-004   99.940261451254614     
         504   9.8659649924248433E-004   99.940022124951625     
         503   9.9054892781221893E-004   99.939781846107053     
         502   9.9451711879331448E-004   99.939540609022785     
         501   9.9850116666563371E-004   99.939298407955107     
         500   1.0025011666656338E-003   99.939055237114360     
         499   1.0065172147939545E-003   99.938811090664416     
         498   1.0105494078230992E-003   99.938565962722166     
         497   1.0145978433052072E-003   99.938319847357221     
         496   1.0186626195799210E-003   99.938072738591174     
         495   1.0227438357823494E-003   99.937824630397373     
         494   1.0268415918511262E-003   99.937575516700278     
         493   1.0309559885365682E-003   99.937325391374983     
         492   1.0350871274089324E-003   99.937074248246788     
         491   1.0392351108667744E-003   99.936822081090583     
         490   1.0434000421454084E-003   99.936568883630429     
         489   1.0475820253254720E-003   99.936314649538943     
         488   1.0517811653415966E-003   99.936059372436915     
         487   1.0559975679911842E-003   99.935803045892627     
         486   1.0602313399432919E-003   99.935545663421337     
         485   1.0644825887476282E-003   99.935287218484859     
         484   1.0687514228436598E-003   99.935027704490835     
         483   1.0730379515698320E-003   99.934767114792280     
         482   1.0773422851729035E-003   99.934505442686998     
         481   1.0816645348173985E-003   99.934242681417004     
         480   1.0860048125951763E-003   99.933978824167951     
         479   1.0903632315351216E-003   99.933713864068466     
         478   1.0947399056129563E-003   99.933447794189675     
         477   1.0991349497611747E-003   99.933180607544529     
         476   1.1035484798791043E-003   99.932912297087157     
         475   1.1079806128430933E-003   99.932642855712388     
         474   1.1124314665168279E-003   99.932372276254924     
         473   1.1169011597617804E-003   99.932100551488858     
         472   1.1213898124477902E-003   99.931827674126993     
         471   1.1258975454637792E-003   99.931553636820169     
         470   1.1304244807286050E-003   99.931278432156574     
         469   1.1349707412020525E-003   99.931002052661185     
         468   1.1395364508959673E-003   99.930724490794987     
         467   1.1441217348855312E-003   99.930445738954290     
         466   1.1487267193206838E-003   99.930165789470109     
         465   1.1533515314376915E-003   99.929884634607419     
         464   1.1579962995708663E-003   99.929602266564416     
         463   1.1626611531644362E-003   99.929318677471841     
         462   1.1673462227845706E-003   99.929033859392234     
         461   1.1720516401315622E-003   99.928747804319158     
         460   1.1767775380521672E-003   99.928460504176499     
         459   1.1815240505521078E-003   99.928171950817699     
         458   1.1862913128087391E-003   99.927882136024962     
         457   1.1910794611838809E-003   99.927591051508472     
         456   1.1958886332368202E-003   99.927298688905623     
         455   1.2007189677374843E-003   99.927005039780227     
         454   1.2055706046797887E-003   99.926710095621658     
         453   1.2104436852951612E-003   99.926413847844103     
         452   1.2153383520662473E-003   99.926116287785632     
         451   1.2202547487407966E-003   99.925817406707438     
         450   1.2251930203457349E-003   99.925517195792949     
         449   1.2301533132014252E-003   99.925215646146924     
         448   1.2351357749361190E-003   99.924912748794696     
         447   1.2401405545006030E-003   99.924608494681081     
         446   1.2451678021830419E-003   99.924302874669692     
         445   1.2502176696240217E-003   99.923995879541877     
         444   1.2552903098317970E-003   99.923687499995850     
         443   1.2603858771977454E-003   99.923377726645739     
         442   1.2655045275120306E-003   99.923066550020650     
         441   1.2706464179794799E-003   99.922753960563654     
         440   1.2758117072356782E-003   99.922439948630867     
         439   1.2810005553632823E-003   99.922124504490455     
         438   1.2862131239085586E-003   99.921807618321552     
         437   1.2914495758981485E-003   99.921489280213365     
         436   1.2967100758560644E-003   99.921169480163982     
         435   1.3019947898209210E-003   99.920848208079505     
         434   1.3073038853634044E-003   99.920525453772839     
         433   1.3126375316039839E-003   99.920201206962716     
         432   1.3179958992308701E-003   99.919875457272511     
         431   1.3233791605182232E-003   99.919548194229208     
         430   1.3287874893446159E-003   99.919219407262290     
         429   1.3342210612117542E-003   99.918889085702503     
         428   1.3396800532634618E-003   99.918557218780791     
         427   1.3451646443049308E-003   99.918223795627114     
         426   1.3506750148222445E-003   99.917888805269257     
         425   1.3562113470021752E-003   99.917552236631536     
         424   1.3617738247522642E-003   99.917214078533760     
         423   1.3673626337211849E-003   99.916874319689839     
         422   1.3729779613193970E-003   99.916532948706561     
         421   1.3786199967400954E-003   99.916189954082384     
         420   1.3842889309804581E-003   99.915845324206046     
         419   1.3899849568631997E-003   99.915499047355340     
         418   1.3957082690584334E-003   99.915151111695764     
         417   1.4014590641058487E-003   99.914801505279101     
         416   1.4072375404372097E-003   99.914450216042184     
         415   1.4130438983991781E-003   99.914097231805371     
         414   1.4188783402764682E-003   99.913742540271230     
         413   1.4247410703153382E-003   99.913386129023081     
         412   1.4306322947474242E-003   99.913027985523541     
         411   1.4365522218139227E-003   99.912668097113084     
         410   1.4425010617901274E-003   99.912306451008448     
         409   1.4484790270103257E-003   99.911943034301316     
         408   1.4544863318930632E-003   99.911577833956599     
         407   1.4605231929667793E-003   99.911210836810909     
         406   1.4665898288958239E-003   99.910842029571072     
         405   1.4726864605068587E-003   99.910471398812433     
         404   1.4788133108156519E-003   99.910098930977270     
         403   1.4849706050542716E-003   99.909724612373083     
         402   1.4911585706986862E-003   99.909348429171033     
         401   1.4973774374967782E-003   99.908970367404109     
         400   1.5036274374967782E-003   99.908590412965438     
         399   1.5099088050761276E-003   99.908208551606620     
         398   1.5162217769707767E-003   99.907824768935811     
         397   1.5225665923049264E-003   99.907439050416031     
         396   1.5289434926212206E-003   99.907051381363232     
         395   1.5353527219113985E-003   99.906661746944479     
         394   1.5417945266474134E-003   99.906270132176090     
         393   1.5482691558130280E-003   99.905876521921655     
         392   1.5547768609358934E-003   99.905480900890154     
         391   1.5613178961201217E-003   99.905083253633904     
         390   1.5678925180793591E-003   99.904683564546545     
         389   1.5745009861703710E-003   99.904281817861118     
         388   1.5811435624271464E-003   99.903877997647854     
         387   1.5878205115955324E-003   99.903472087812133     
         386   1.5945321011684068E-003   99.903064072092349     
         385   1.6012786014214006E-003   99.902653934057696     
         384   1.6080602854491783E-003   99.902241657106032     
         383   1.6148774292022885E-003   99.901827224461556     
         382   1.6217303115245933E-003   99.901410619172594     
         381   1.6286192141912875E-003   99.900991824109298     
         380   1.6355444219475202E-003   99.900570821961182     
         379   1.6425062225476274E-003   99.900147595234941     
         378   1.6495049067949889E-003   99.899722126251817     
         377   1.6565407685825199E-003   99.899294397145269     
         376   1.6636141049338100E-003   99.898864389858417     
         375   1.6707252160449212E-003   99.898432086141540     
         374   1.6778744053268567E-003   99.897997467549445     
         373   1.6850619794487149E-003   99.897560515438940     
         372   1.6922882483815394E-003   99.897121210965977     
         371   1.6995535254428801E-003   99.896679535083166     
         370   1.7068581273420767E-003   99.896235468536901     
         369   1.7142023742262799E-003   99.895788991864535     
         368   1.7215865897272252E-003   99.895340085391624     
         367   1.7290111010087701E-003   99.894888729229024     
         366   1.7364762388152140E-003   99.894434903269868     
         365   1.7439823375204118E-003   99.893978587186666     
         364   1.7515297351776997E-003   99.893519760428219     
         363   1.7591187735706449E-003   99.893058402216610     
         362   1.7667497982646408E-003   99.892594491543974     
         361   1.7744231586593585E-003   99.892128007169362     
         360   1.7821392080420745E-003   99.891658927615453     
         359   1.7898983036418914E-003   99.891187231165347     
         358   1.7977008066848675E-003   99.890712895859139     
         357   1.8055470824500756E-003   99.890235899490506     
         356   1.8134375003266063E-003   99.889756219603299     
         355   1.8213724338715378E-003   99.889273833487962     
         354   1.8293522608688886E-003   99.888788718177977     
         353   1.8373773633895733E-003   99.888300850446242     
         352   1.8454481278523832E-003   99.887810206801277     
         351   1.8535649450860095E-003   99.887316763483568     
         350   1.8617282103921319E-003   99.886820496461652     
         349   1.8699383236095931E-003   99.886321381428218     
         348   1.8781956891796817E-003   99.885819393796240     
         347   1.8865007162125447E-003   99.885314508694734     
         346   1.8948538185547545E-003   99.884806700964887     
         345   1.9032554148580522E-003   99.884295945155728     
         344   1.9117059286492906E-003   99.883782215519915     
         343   1.9202057884016048E-003   99.883265486009364     
         342   1.9287554276068302E-003   99.882745730270969     
         341   1.9373552848492000E-003   99.882222921642011     
         340   1.9460058038803419E-003   99.881697033145599     
         339   1.9547074336956063E-003   99.881168037486091     
         338   1.9634606286117505E-003   99.880635907044351     
         337   1.9722658483460088E-003   99.880100613872926     
         336   1.9811235580965759E-003   99.879562129691152     
         335   1.9900342286245333E-003   99.879020425880199     
         334   1.9989983363372515E-003   99.878475473477948     
         333   2.0080163633732968E-003   99.877927243173900     
         332   2.0170887976888722E-003   99.877375705303876     
         331   2.0262161331458324E-003   99.876820829844675     
         330   2.0353988696012962E-003   99.876262586408629     
         329   2.0446375129988996E-003   99.875700944238048     
         328   2.0539325754617196E-003   99.875135872199593     
         327   2.0632845753869038E-003   99.874567338778490     
         326   2.0726940375420471E-003   99.873995312072708     
         325   2.0821614931633490E-003   99.873419759786913     
         324   2.0916874800555913E-003   99.872840649226546     
         323   2.1012725426939756E-003   99.872257947291459     
         322   2.1109172323278630E-003   99.871671620469712     
         321   2.1206221070864542E-003   99.871081634831143     
         320   2.1303877320864540E-003   99.870487956020739     
         319   2.1402146795417658E-003   99.869890549252077     
         318   2.1501035288752574E-003   99.869289379300469     
         317   2.1600548668326458E-003   99.868684410496073     
         316   2.1700692875985489E-003   99.868075606716772     
         315   2.1801473929147492E-003   99.867462931381070     
         314   2.1902897922007245E-003   99.866846347440685     
         313   2.2004971026764871E-003   99.866225817373163     
         312   2.2107699494877957E-003   99.865601303174188     
         311   2.2211089658337804E-003   99.864972766349865     
         310   2.2315147930970477E-003   99.864340167908807     
         309   2.2419880809763115E-003   99.863703468354075     
         308   2.2525294876216142E-003   99.863062627674950     
         307   2.2631396797721942E-003   99.862417605338521     
         306   2.2738193328970609E-003   99.861768360281218     
         305   2.2845691313383401E-003   99.861114850900037     
         304   2.2953897684574536E-003   99.860457035043623     
         303   2.3062819467841974E-003   99.859794870003313     
         302   2.3172463781687856E-003   99.859128312503813     
         301   2.3282837839369340E-003   99.858457318693752     
         300   2.3393948950480451E-003   99.857781844136127     
         299   2.3505804522565774E-003   99.857101843798489     
         298   2.3618412062766667E-003   99.856417272042876     
         297   2.3731779179500785E-003   99.855728082615656     
         296   2.3845913584175731E-003   99.855034228637109     
         295   2.3960823092937580E-003   99.854335662590742     
         294   2.4076515628455187E-003   99.853632336312501     
         293   2.4192999221741072E-003   99.852924200979700     
         292   2.4310282014009792E-003   99.852211207099685     
         291   2.4428372258574688E-003   99.851493304498334     
         290   2.4547278322783962E-003   99.850770442308260     
         289   2.4667008689996999E-003   99.850042568956809     
         288   2.4787571961601938E-003   99.849309632153847     
         287   2.4908976859075501E-003   99.848571578879131     
         286   2.5031232226086111E-003   99.847828355369600     
         285   2.5154347030641360E-003   99.847079907106334     
         284   2.5278330367280917E-003   99.846326178801107     
         283   2.5403191459316028E-003   99.845567114382945     
         282   2.5528939661116743E-003   99.844802656984115     
         281   2.5655584460448056E-003   99.844032748925883     
         280   2.5783135480856221E-003   99.843257331704123     
         279   2.5911602484106435E-003   99.842476345974447     
         278   2.6040995372673278E-003   99.841689731536960     
         277   2.6171324192285159E-003   99.840897427321025     
         276   2.6302599134524185E-003   99.840099371369206     
         275   2.6434830539482862E-003   99.839295500821294     
         274   2.6568028898479078E-003   99.838485751897736     
         273   2.6702204856830863E-003   99.837670059882740     
         272   2.6837369216692456E-003   99.836848359107094     
         271   2.6973532939953307E-003   99.836020582930502     
         270   2.7110707151201592E-003   99.835186663723576     
         269   2.7248903140753974E-003   99.834346532849409     
         268   2.7388132367753308E-003   99.833500120644771     
         267   2.7528406463336076E-003   99.832647356400855     
         266   2.7669737233871439E-003   99.831788168343508     
         265   2.7812136664273719E-003   99.830922483613207     
         264   2.7955616921390338E-003   99.830050228244374     
         263   2.8100190357467194E-003   99.829171327144380     
         262   2.8245869513693522E-003   99.828285704071931     
         261   2.8392667123828428E-003   99.827393281615045     
         260   2.8540596117911268E-003   99.826493981168511     
         259   2.8689669626058133E-003   99.825587722910797     
         258   2.8839900982346820E-003   99.824674425780444     
         257   2.8991303728792641E-003   99.823754007451853     
         256   2.9143891619417641E-003   99.822826384310588     
         255   2.9297678624415719E-003   99.821891471428074     
         254   2.9452678934416342E-003   99.820949182535628     
         253   2.9608906964849564E-003   99.819999429997935     
         252   2.9766377360415197E-003   99.819042124785881     
         251   2.9925104999659019E-003   99.818077176448796     
         250   3.0085104999659018E-003   99.817104493085822     
         249   3.0246392720824807E-003   99.816123981316892     
         248   3.0408983771813359E-003   99.815135546252762     
         247   3.0572894014564427E-003   99.814139091464355     
         246   3.0738139569459000E-003   99.813134518951543     
         245   3.0904736820604357E-003   99.812121729110885     
         244   3.1072702421249343E-003   99.811100620702774     
         243   3.1242053299333646E-003   99.810071090817658     
         242   3.1412806663174914E-003   99.809033034841548     
         241   3.1584980007297778E-003   99.807986346420464     
         240   3.1758591118408890E-003   99.806930917424182     
         239   3.1933658081522280E-003   99.805866637909020     
         238   3.2110199286239463E-003   99.804793396079617     
         237   3.2288233433188846E-003   99.803711078249762     
         236   3.2467779540629239E-003   99.802619568802285     
         235   3.2648856951222266E-003   99.801518750147963     
         234   3.2831485338978860E-003   99.800408502683112     
         233   3.3015684716384964E-003   99.799288704746431     
         232   3.3201475441711958E-003   99.798159232574434     
         231   3.3388878226517341E-003   99.797019960255966     
         230   3.3577914143341535E-003   99.795870759685357     
         229   3.3768604633606786E-003   99.794711500514381     
         228   3.3960971515724359E-003   99.793542050102985     
         227   3.4155036993416530E-003   99.792362273468754     
         226   3.4350823664259979E-003   99.791172033234872     
         225   3.4548354528457512E-003   99.789971189576889     
         224   3.4747652997845265E-003   99.788759600167893     
         223   3.4948742905142817E-003   99.787537120122352     
         222   3.5151648513453830E-003   99.786303601938243     
         221   3.5356394526025233E-003   99.785058895437857     
         220   3.5563006096273166E-003   99.783802847706767     
         219   3.5771508838084221E-003   99.782535303031167     
         218   3.5981928836400861E-003   99.781256102833680     
         217   3.6194292658100198E-003   99.779965085607046     
         216   3.6408627363175646E-003   99.778662086846211     
         215   3.6624960516231353E-003   99.777346938978496     
         214   3.6843320198299656E-003   99.776019471291690     
         213   3.7063735018992199E-003   99.774679509860192     
         212   3.7286234128995760E-003   99.773326877469088     
         211   3.7510847232924242E-003   99.771961393535989     
         210   3.7737604602538755E-003   99.770582874030652     
         209   3.7966537090348101E-003   99.769191131392304     
         208   3.8197676143602540E-003   99.767785974444607     
         207   3.8431053818694140E-003   99.766367208308054     
         206   3.8666702795977577E-003   99.764934634309896     
         205   3.8904656395025764E-003   99.763488049891450     
         204   3.9144948590335259E-003   99.762027248512524     
         203   3.9387614027497041E-003   99.760552019553188     
         202   3.9632688039848768E-003   99.759062148212507     
         201   3.9880206665625353E-003   99.757557415404264     
         200   4.0130206665625352E-003   99.756037597649637     
         199   4.0382725541411313E-003   99.754502466966414     
         198   4.0637801554063080E-003   99.752951790755191     
         197   4.0895473743503673E-003   99.751385331681647     
         196   4.1155781948418292E-003   99.749802847555614     
         195   4.1418766826787790E-003   99.748204091206233     
         194   4.1684469877058808E-003   99.746588810353174     
         193   4.1952933459973784E-003   99.744956747474035     
         192   4.2224200821084894E-003   99.743307639667350     
         191   4.2498316113977084E-003   99.741641218511532     
         190   4.2775324424226390E-003   99.739957209919140     
         189   4.3055271794120850E-003   99.738255333986629     
         188   4.3338205248172456E-003   99.736535304839222     
         187   4.3624172819449877E-003   99.734796830470927     
         186   4.3913223576762857E-003   99.733039612579105     
         185   4.4205407652730721E-003   99.731263346394002     
         184   4.4500776272768531E-003   99.729467720502413     
         183   4.4799381785026286E-003   99.727652416665762     
         182   4.5101277691317800E-003   99.725817109632047     
         181   4.5406518679077636E-003   99.723961466941475     
         180   4.5715160654386279E-003   99.722085148725867     
         179   4.6027260776105323E-003   99.720187807501020     
         178   4.6342877491166549E-003   99.718269087952194     
         177   4.6662070571060581E-003   99.716328626712283     
         176   4.6984901149572976E-003   99.714366052132419     
         175   4.7311431761817872E-003   99.712380984044728     
         174   4.7641726384621413E-003   99.710373033516746     
         173   4.7975850478309805E-003   99.708341802597388     
         172   4.8313871029959342E-003   99.706286884054080     
         171   4.8655856598168361E-003   99.704207861100514     
         170   4.9001877359414036E-003   99.702104307114851     
         169   4.9352005156059814E-003   99.699975785347917     
         168   4.9706313546082487E-003   99.697821848620833     
         167   5.0064877854591218E-003   99.695642039011830     
         166   5.0427775227214243E-003   99.693435887531720     
         165   5.0795084685432796E-003   99.691202913787549     
         164   5.1166887183945586E-003   99.688942625633715     
         163   5.1543265670151318E-003   99.686654518810542     
         162   5.1924305145840998E-003   99.684338076569048     
         161   5.2310092731196502E-003   99.681992769282090     
         160   5.2700717731196502E-003   99.679618054040475     
         159   5.3096271704536164E-003   99.677213374234071     
         158   5.3496848535172278E-003   99.674778159116883     
         157   5.3902544506611279E-003   99.672311823355372     
         156   5.4313458379063612E-003   99.669813766559471     
         155   5.4729691469594310E-003   99.667283372795239     
         154   5.5151347735406418E-003   99.664720010078696     
         153   5.5578533860401076E-003   99.662123029849496     
         152   5.6011359345165615E-003   99.659491766423898     
         151   5.6449936600549153E-003   99.656825536425856     
         150   5.6894381044993595E-003   99.654123638195387     
         149   5.7344811205797160E-003   99.651385351172934     
         148   5.7801348824496942E-003   99.648609935258690     
         147   5.8264118966567377E-003   99.645796630145767     
         146   5.8733250135642248E-003   99.642944654625708     
         145   5.9208874392479346E-003   99.640053205865414     
         144   5.9691127478899101E-003   99.637121458653539     
         143   6.0180148946941550E-003   99.634148564615415     
         142   6.0676082293499769E-003   99.631133651394549     
         141   6.1179075100702626E-003   99.628075821799186     
         140   6.1689279182335277E-003   99.624974152912188     
         139   6.2206850736602655E-003   99.621827695162295     
         138   6.2731950505558760E-003   99.618635471355049     
         137   6.3264743941543631E-003   99.615396475660802     
         136   6.3805401380989998E-003   99.612109672558219     
         135   6.4354098225983137E-003   99.608773995730488     
         134   6.4911015133980463E-003   99.605388346911965     
         133   6.5476338216121904E-003   99.601951594682589     
         132   6.6050259244588390E-003   99.598462573207300     
         131   6.6632975869493696E-003   99.594920080917490     
         130   6.7224691845825055E-003   99.591322879131383     
         129   6.7825617270979794E-003   99.587669690609928     
         128   6.8435968833479794E-003   99.583959198044909     
         127   6.9055970073482274E-003   99.580190042475110     
         126   6.9685851655744806E-003   99.576360821626935     
         125   7.0325851655744804E-003   99.572470088175052     
         124   7.0976215859699021E-003   99.568516347918461     
         123   7.1637198079277315E-003   99.564498057867226     
         122   7.2309060481857267E-003   99.560413624234783     
         121   7.2992073937222339E-003   99.556261400330300     
         120   7.3686518381666779E-003   99.552039684345203     
         119   7.4392683200535503E-003   99.547746717027536     
         118   7.5110867630297064E-003   99.543380679237728     
         117   7.5841381181323431E-003   99.538939689378310     
         116   7.6584544082631397E-003   99.534421800690325     
         115   7.7340687749928184E-003   99.529824998407904     
         114   7.8110155278398484E-003   99.525147196762347     
         113   7.8893301961772272E-003   99.520386235826834     
         112   7.9690495839323285E-003   99.515539878190893     
         111   8.0502118272567334E-003   99.510605805454475     
         110   8.1328564553559066E-003   99.505581614530058     
         109   8.2170244546825623E-003   99.500464813740109     
         108   8.3027583367127414E-003   99.495252818696784     
         107   8.3901022095400624E-003   99.489942947949530     
         106   8.4791018535414868E-003   99.484532418385143     
         105   8.5698048013872919E-003   99.479018340363794     
         104   8.6622604226890675E-003   99.473397712572975     
         103   8.7565200136024424E-003   99.467667416580397     
         102   8.8526368917262403E-003   99.461824211064680     
         101   8.9506664966669328E-003   99.455864725701929     
         100   9.0506664966669322E-003   99.449785454683393     
          99   9.1526969017276406E-003   99.443582749838427     
          98   9.2568201836934882E-003   99.437252813334325     
          97   9.3631014038018951E-003   99.430791689922131     
          96   9.4716083482463392E-003   99.424195258695420     
          95   9.5824116723460615E-003   99.417459224325853     
          94   9.6955850539667040E-003   99.410579107736282     
          93   9.8112053568918979E-003   99.403550236168996     
          92   9.9293528049070202E-003   99.396367732602670     
          91   1.0050111167423624E-002   99.389026504467736     
          90   1.0173567957547081E-002   99.381521231605348     
          89   1.0299814643571574E-002   99.373846353409988     
          88   1.0428946874976532E-002   99.365996055090591     
          87   1.0561064724097948E-002   99.357964252978633     
          86   1.0696272944757765E-002   99.349744578805371     
          85   1.0834681249256035E-002   99.341330362862763     
          84   1.0976404605265106E-002   99.332714615954401     
          83   1.1121563554314314E-002   99.323890010034035     
          82   1.1270284553719430E-002   99.314848857418710     
          81   1.1422700343995302E-002   99.305583088452792     
          80   1.1578950343995302E-002   99.296084227486318     
          79   1.1739181076249749E-002   99.286343367017594     
          78   1.1903546625230682E-002   99.276351139833935     
          77   1.2072209131555526E-002   99.266097688967776     
          76   1.2245339325461343E-002   99.255572635265310     
          75   1.2423117103239121E-002   99.244765042343460     
          74   1.2605732150719034E-002   99.233663378686515     
          73   1.2793384618348983E-002   99.222255476606321     
          72   1.2986285852916883E-002   99.210528487758836     
          71   1.3184659191540172E-002   99.198468834875399     
          70   1.3388740824193234E-002   99.186062159327349     
          69   1.3598780731775674E-002   99.173293264098334     
          68   1.3815043707554221E-002   99.160146051687988     
          67   1.4037810470753151E-002   99.146603456413885     
          66   1.4267378882139744E-002   99.132647370512757     
          65   1.4504065272672288E-002   99.118258563368272     
          64   1.4748205897672288E-002   99.103416593108165     
          63   1.5000158530577302E-002   99.088099709715522     
          62   1.5260304212158987E-002   99.072284748689128     
          61   1.5529049173190968E-002   99.055947014159329     
          60   1.5806826950968744E-002   99.039060150218944     
          59   1.6094100722873369E-002   99.021595999059670     
          58   1.6391365883396555E-002   99.003524444307772     
          57   1.6699152894784675E-002   98.984813237725632     
          56   1.7018030445805084E-002   98.965427807181811     
          55   1.7348608958201776E-002   98.945331043484160     
          54   1.7691544486322489E-002   98.924483063310831     
          53   1.8047543062328184E-002   98.902840945053299     
          52   1.8417365547535283E-002   98.880358433890066     
          51   1.8801833060030478E-002   98.856985611827241     
          50   1.9201833060030479E-002   98.832668527753071     
          49   1.9618326187893869E-002   98.807348781736664     
          48   2.0052353965671645E-002   98.780963056829819     
          47   2.0505047492154215E-002   98.753442590471550     
          46   2.0977637284214708E-002   98.724712576206230     
          45   2.1471464444708536E-002   98.694691484756660     
          44   2.1987993370328369E-002   98.663290291479072     
          43   2.2528826252967635E-002   98.630411594786040     
          42   2.3095719677003915E-002   98.595948607152607     
          41   2.3690603674624378E-002   98.559783996691337     
          40   2.4315603674624379E-002   98.521788552825456     
          39   2.4973065870548112E-002   98.481819644090805     
          38   2.5665586646171381E-002   98.439719429280956     
          37   2.6396046836091029E-002   98.395312774653192     
          36   2.7167651774362634E-002   98.348404819263237     
          35   2.7983978304974878E-002   98.298778117071066     
          34   2.8849030208089065E-002   98.246189267429713     
          33   2.9767303853635439E-002   98.190364923825129     
          32   3.0743866353635439E-002   98.130997042784685     
          31   3.1784449079962182E-002   98.067737198679168     
          30   3.2895560191073293E-002   98.000189742917627     
          29   3.4084620833166039E-002   97.927903523910004     
          28   3.5360131037247673E-002   97.850361801734735     
          27   3.6731873149730525E-002   97.766969881041462     
          26   3.8211163090558928E-002   97.677039836388502     
          25   3.9811163090558925E-002   97.579771500091852     
          24   4.1547274201670037E-002   97.474228600464414     
          23   4.3437633369912000E-002   97.359308543403174     
          22   4.5503749072391339E-002   97.233703770292834     
          21   4.7771322768536462E-002   97.095851819759034     
          20   5.0271322768536464E-002   96.943870044295522     
          19   5.3041405871029540E-002   96.775469185056181     
          18   5.6127825624115960E-002   96.587837363496305     
          17   5.9588033236572704E-002   96.377481964930894     
          16   6.3494283236572704E-002   96.140010440769160     
          15   6.7938727681017150E-002   95.869820617722937     
          14   7.3040768497343686E-002   95.559653729021889     
          13   7.8957928260657298E-002   95.199933550410037     
          12   8.5902372705101745E-002   94.777761951900303     
          11   9.4166835515019101E-002   94.275342859458959     
          10  0.10416683551501910        93.667415757604928     
           9  0.11651251452736477        92.916888471365397     
           8  0.13213751452736477        91.967002374718490     
           7  0.15254567779267089        90.726334819914342     
           6  0.18032345557044865        89.037648425875375     
           5  0.22032345557044866        86.605940018459265     
           4  0.28282345557044863        82.806395631871595     
           3  0.39393456668155974        76.051650055715754     
           2  0.64393456668155968        60.853472509365091     
           1   1.6439345666815597        6.0762323962431718E-002
