           1   1.0000000000000000        39.207289814597331     
           2   1.2500000000000000        24.009112268246671     
           3   1.3611111111111112        17.254366692090816     
           4   1.4236111111111112        13.454822305503150     
           5   1.4636111111111112        11.023113898087040     
           6   1.4913888888888889        9.3344275040480831     
           7   1.5117970521541950        8.0937599492439460     
           8   1.5274220521541950        7.1438738525970296     
           9   1.5397677311665408        6.3933465663574873     
          10   1.5497677311665408        5.7854194645034598     
          11   1.5580321939764581        5.2830003720621175     
          12   1.5649766384209025        4.8608287735523783     
          13   1.5708937981842162        4.5011085949405265     
          14   1.5759958390005426        4.1909417062394949     
          15   1.5804402834449871        3.9207518831932591     
          16   1.5843465334449871        3.6832803590315302     
          17   1.5878067410574439        3.4729249604661199     
          18   1.5908931608105303        3.2852931389062339     
          19   1.5936632439130234        3.1168922796668932     
          20   1.5961632439130233        2.9649105042033894     
          21   1.5984308176091684        2.8270585536696013     
          22   1.6004969333116477        2.7014537805592687     
          23   1.6023872924798896        2.5865337234980150     
          24   1.6041234035910008        2.4809908238705769     
          25   1.6057234035910009        2.3837224875739298     
          26   1.6072026935318293        2.2937924429209633     
          27   1.6085744356443121        2.2104005222276837     
          28   1.6098499458483937        2.1328588000524298     
          29   1.6110390064904865        2.0605725810448141     
          30   1.6121501176015975        1.9930251252832585     
          31   1.6131907003279242        1.9297652811777446     
          32   1.6141672628279242        1.8703974001373123     
          33   1.6150855364734706        1.8145730565327156     
          34   1.6159505883765848        1.7619842068913663     
          35   1.6167669149071970        1.7123575046992003     
          36   1.6175385198454686        1.6654495493092323     
          37   1.6182689800353882        1.6210428946814743     
          38   1.6189615008110114        1.5789426798716426     
          39   1.6196189630069351        1.5389737711369968     
          40   1.6202439630069352        1.5009783272711141     
          41   1.6208388470045556        1.4648137168098423     
          42   1.6214057404285920        1.4303507291763884     
          43   1.6219465733112313        1.3974720324833623     
          44   1.6224631022368512        1.3660708392057725     
          45   1.6229569293973449        1.3360497477561968     
          46   1.6234295191894055        1.3073197334908799     
          47   1.6238822127158881        1.2797992671326164     
          48   1.6243162404936657        1.2534135422257635     
          49   1.6247327336215291        1.2280937962093519     
          50   1.6251327336215291        1.2037767121351934     
          51   1.6255172011340242        1.1804038900723761     
          52   1.6258870236192313        1.1579213789091345     
          53   1.6262430221952371        1.1362792606515997     
          54   1.6265859577233579        1.1154312804782731     
          55   1.6269165362357545        1.0953345167806254     
          56   1.6272354137867748        1.0759490862368153     
          57   1.6275432007981629        1.0572378796546662     
          58   1.6278404659586860        1.0391663249027689     
          59   1.6281277397305907        1.0217021737435035     
          60   1.6284055175083685        1.0048153098031112     
          61   1.6286742624694004       0.98847757527331104     
          62   1.6289344081509820       0.97266261424693601     
          63   1.6291863607838870       0.95734573085429275     
          64   1.6294305014088870       0.94250376059418473     
          65   1.6296671877994195       0.92811495344971118     
          66   1.6298967562108062       0.91415886754855868     
          67   1.6301195229740051       0.90061627227446905     
          68   1.6303357859497836       0.88746905986413516     
          69   1.6305458258573660       0.87470016463511002     
          70   1.6307499074900189       0.86229348908707526     
          71   1.6309482808286422       0.85023383620363990     
          72   1.6311411820632100       0.83850684735615133     
          73   1.6313288345308399       0.82709894527595362     
          74   1.6315114495783198       0.81599728161901064     
          75   1.6316892273560977       0.80518968869715801     
          76   1.6318623575500035       0.79466463499469675     
          77   1.6320310200563284       0.78441118412854605     
          78   1.6321953856053093       0.77441895694488450     
          79   1.6323556163375637       0.76467809647615093     
          80   1.6325118663375637       0.75517923550967692     
          81   1.6326642821278397       0.74591346654375390     
          82   1.6328130031272448       0.73687231392843588     
          83   1.6329581620762941       0.72804770800806307     
          84   1.6330998854323031       0.71943196109970298     
          85   1.6332382937368013       0.71101774515709204     
          86   1.6333735019574611       0.70279807098383551     
          87   1.6335056198065825       0.69476626887188120     
          88   1.6336347520379875       0.68691597055248377     
          89   1.6337609987240120       0.67924109235712471     
          90   1.6338844555141354       0.67173581949473415     
          91   1.6340052138766521       0.66439459135979373     
          92   1.6341233613246673       0.65721208779346107     
          93   1.6342389816275924       0.65018321622618636     
          94   1.6343521550092130       0.64330309963662047     
          95   1.6344629583333128       0.63656706526704576     
          96   1.6345714652777572       0.62997063404033249     
          97   1.6346777464978657       0.62350951062812721     
          98   1.6347818697798315       0.61717957412402413     
          99   1.6348839001848923       0.61097686927906758     
         100   1.6349839001848923       0.60489759826052791     
         101   1.6350819297898329       0.59893811289778132     
         102   1.6351780466679566       0.59309490738208037     
         103   1.6352723062588701       0.58736461138948304     
         104   1.6353647618801719       0.58174398359867263     
         105   1.6354554648280177       0.57622990557731790     
         106   1.6355444644720192       0.57081937601293431     
         107   1.6356318083448464       0.56550950526567523     
         108   1.6357175422268766       0.56029751022234697     
         109   1.6358017102262032       0.55518070943239706     
         110   1.6358843548543025       0.55015651850797831     
         111   1.6359655170976268       0.54522244577156531     
         112   1.6360452364853819       0.54037608813561278     
         113   1.6361235511537193       0.53561512720011062     
         114   1.6362004979065663       0.53093732555457684     
         115   1.6362761122732961       0.52634052327212177     
         116   1.6363504285634269       0.52182263458414080     
         117   1.6364234799185295       0.51738164472473724     
         118   1.6364952983615058       0.51301560693491743     
         119   1.6365659148433926       0.50872263961725517     
         120   1.6366353592878371       0.50450092363215715     
         121   1.6367036606333736       0.50034869972768481     
         122   1.6367708468736315       0.49626426609523810     
         123   1.6368369450955893       0.49224597604398712     
         124   1.6369019815159846       0.48829223578739678     
         125   1.6369659815159847       0.48440150233552709     
         126   1.6370289696742111       0.48057228148735959     
         127   1.6370909697982112       0.47680312591755941     
         128   1.6371520049544612       0.47309263335253238     
         129   1.6372120974969766       0.46943944483109101     
         130   1.6372712690946098       0.46584224304496591     
         131   1.6373295407571005       0.46229975075515228     
         132   1.6373869328599471       0.45881072927986755     
         133   1.6374434651681613       0.45537397705048799     
         134   1.6374991568589610       0.45198832823196888     
         135   1.6375540265434603       0.44865265140423827     
         136   1.6376080922874050       0.44536584830164810     
         137   1.6376613716310036       0.44212685260739254     
         138   1.6377138816078991       0.43893462880013967     
         139   1.6377656387633259       0.43578817105025597     
         140   1.6378166591714891       0.43268650216325055     
         141   1.6378669584522094       0.42962867256788650     
         142   1.6379165517868652       0.42661375934702772     
         143   1.6379654539336694       0.42364086530891615     
         144   1.6380136792423114       0.42070911809704059     
         145   1.6380612416679952       0.41781766933673598     
         146   1.6381081547849026       0.41496569381668991     
         147   1.6381544317991097       0.41215238870375071     
         148   1.6382000855609797       0.40937697278951163     
         149   1.6382451285770601       0.40663868576706391     
         150   1.6382895730215046       0.40393678753659734     
         151   1.6383334307470430       0.40127055753855129     
         152   1.6383767132955194       0.39863929411293930     
         153   1.6384194319080188       0.39604231388374184     
         154   1.6384615975346000       0.39347895116720416     
         155   1.6385032208436530       0.39094855740298801     
         156   1.6385443122308982       0.38845050060706926     
         157   1.6385848818280422       0.38598416484555942     
         158   1.6386249395111059       0.38354894972836928     
         159   1.6386644949084399       0.38114426992197348     
         160   1.6387035574084399       0.37876955468035839     
         161   1.6387421361669754       0.37642424739339569     
         162   1.6387802401145444       0.37410780515191494     
         163   1.6388178779631650       0.37181969832871753     
         164   1.6388550582130164       0.36955941017488464     
         165   1.6388917891588382       0.36732643643070451     
         166   1.6389280788961005       0.36512028495061133     
         167   1.6389639353269514       0.36294047534160895     
         168   1.6389993661659537       0.36078653861451898     
         169   1.6390343789456183       0.35865801684757947     
         170   1.6390689810217429       0.35655446286192333     
         171   1.6391031795785638       0.35447543990835423     
         172   1.6391369816337287       0.35242052136504348     
         173   1.6391703940430975       0.35038929044568839     
         174   1.6392034235053778       0.34838133991769982     
         175   1.6392360765666023       0.34639627183001476     
         176   1.6392683596244535       0.34443369725016876     
         177   1.6393002789324429       0.34249323601025039     
         178   1.6393318406039490       0.34057451646141401     
         179   1.6393630506161210       0.33867717523655938     
         180   1.6393939148136518       0.33680085702096169     
         181   1.6394244389124277       0.33494521433040730     
         182   1.6394546285030569       0.33310990729667223     
         183   1.6394844890542826       0.33129460346003375     
         184   1.6395140259162864       0.32949897756845059     
         185   1.6395432443238831       0.32772271138334352     
         186   1.6395721493996145       0.32596549349151804     
         187   1.6396007461567423       0.32422701912320223     
         188   1.6396290395021476       0.32250698997580735     
         189   1.6396570342391370       0.32080511404329143     
         190   1.6396847350701620       0.31912110545089439     
         191   1.6397121465994513       0.31745468429507062     
         192   1.6397392733355625       0.31580557648838892     
         193   1.6397661196938540       0.31417351360923829     
         194   1.6397926899988811       0.31255823275619032     
         195   1.6398189884867180       0.31095947640680288     
         196   1.6398450193072094       0.30937699228078391     
         197   1.6398707865261535       0.30781053320723173     
         198   1.6398962941274187       0.30625985699599251     
         199   1.6399215460149972       0.30472472631279757     
         200   1.6399465460149971       0.30320490855816601     
         201   1.6399712978775747       0.30170017574993985     
         202   1.6399958052788099       0.30021030440924645     
         203   1.6400200718225262       0.29873507544990402     
         204   1.6400441010420572       0.29727427407097207     
         205   1.6400678964019619       0.29582768965252765     
         206   1.6400914612996902       0.29439511565438509     
         207   1.6401147990671994       0.29297634951782525     
         208   1.6401379129725249       0.29157119257011926     
         209   1.6401608062213058       0.29017944993177919     
         210   1.6401834819582672       0.28880093042644051     
         211   1.6402059432686600       0.28743544649335023     
         212   1.6402281931796603       0.28608281410225767     
         213   1.6402502346617296       0.28474285267076188     
         214   1.6402720706299365       0.28341538498394037     
         215   1.6402937039452421       0.28210023711621879     
         216   1.6403151374157496       0.28079723835538672     
         217   1.6403363737979195       0.27950622112874635     
         218   1.6403574157977512       0.27822702093125884     
         219   1.6403782660719324       0.27695947625567530     
         220   1.6403989272289572       0.27570342852457064     
         221   1.6404194018302143       0.27445872202418653     
         222   1.6404396923910454       0.27322520384008331     
         223   1.6404598013817751       0.27200272379453272     
         224   1.6404797312287138       0.27079113438554453     
         225   1.6404994843151335       0.26959029072756691     
         226   1.6405190629822177       0.26840005049369814     
         227   1.6405384695299869       0.26722027385946490     
         228   1.6405577062181986       0.26605082344808478     
         229   1.6405767752672251       0.26489156427710631     
         230   1.6405956788589076       0.26374236370649257     
         231   1.6406144191373881       0.26260309138802834     
         232   1.6406329982099208       0.26147361921603646     
         233   1.6406514181476615       0.26035382127933565     
         234   1.6406696809864372       0.25924357381448143     
         235   1.6406877887274964       0.25814275516015356     
         236   1.6407057433382404       0.25705124571270538     
         237   1.6407235467529353       0.25596892788284609     
         238   1.6407412008734070       0.25489568605343049     
         239   1.6407587075697183       0.25383140653827457     
         240   1.6407760686808295       0.25277597754199671     
         241   1.6407932860152417       0.25172928912091197     
         242   1.6408103613516258       0.25069123314479053     
         243   1.6408272964394344       0.24966170325968198     
         244   1.6408440929994990       0.24864059485156356     
         245   1.6408607527246135       0.24762780501090598     
         246   1.6408772772801030       0.24662323249808990     
         247   1.6408936683043782       0.24562677770968588     
         248   1.6409099274094772       0.24463834264553153     
         249   1.6409260561815937       0.24365783087660428     
         250   1.6409420561815937       0.24268514751363685     
         251   1.6409579289455181       0.24172019917654308     
         252   1.6409736759850746       0.24076289396450457     
         253   1.6409892987881178       0.23981314142681348     
         254   1.6410047988191179       0.23887085253436346     
         255   1.6410201775196176       0.23793593965185564     
         256   1.6410354363086801       0.23700831651059887     
         257   1.6410505765833248       0.23608789818199838     
         258   1.6410655997189536       0.23517460105163804     
         259   1.6410805070697683       0.23426834279393008     
         260   1.6410952999691766       0.23336904234739880     
         261   1.6411099797301900       0.23247661989051793     
         262   1.6411245476458127       0.23159099681806117     
         263   1.6411390049894203       0.23071209571807294     
         264   1.6411533530151321       0.22983984034924501     
         265   1.6411675929581724       0.22897415561894041     
         266   1.6411817260352259       0.22811496756159552     
         267   1.6411957534447843       0.22726220331766223     
         268   1.6412096763674842       0.22641579111303584     
         269   1.6412234959664393       0.22557566023887454     
         270   1.6412372133875641       0.22474174103194522     
         271   1.6412508297598902       0.22391396485534759     
         272   1.6412643461958765       0.22309226407969665     
         273   1.6412777637917118       0.22227657206469728     
         274   1.6412910836276113       0.22146682314113678     
         275   1.6413043067681072       0.22066295259322871     
         276   1.6413174342623311       0.21986489664141551     
         277   1.6413304671442923       0.21907259242546803     
         278   1.6413434064331489       0.21828597798800384     
         279   1.6413562531334740       0.21750499225830214     
         280   1.6413690082355148       0.21672957503655080     
         281   1.6413816727154480       0.21595966697832295     
         282   1.6413942475356280       0.21519520957948529     
         283   1.6414067336448315       0.21443614516133616     
         284   1.6414191319784954       0.21368241685612147     
         285   1.6414314434589510       0.21293396859283389     
         286   1.6414436689956520       0.21219074508330937     
         287   1.6414558094853993       0.21145269180859338     
         288   1.6414678658125597       0.21071975500563125     
         289   1.6414798388492811       0.20999188165418789     
         290   1.6414917294557019       0.20926901946411847     
         291   1.6415035384801584       0.20855111686276084     
         292   1.6415152667593853       0.20783812298274593     
         293   1.6415269151187140       0.20712998764994367     
         294   1.6415384843722658       0.20642666137170551     
         295   1.6415499753231420       0.20572809532533651     
         296   1.6415613887636094       0.20503424134678347     
         297   1.6415727254752828       0.20434505191956609     
         298   1.6415839862293029       0.20366048016395077     
         299   1.6415951717865114       0.20298047982631398     
         300   1.6416062828976226       0.20230500526869397     
         301   1.6416173203033908       0.20163401145862642     
         302   1.6416282847347754       0.20096745395911492     
         303   1.6416391769131022       0.20030528891880373     
         304   1.6416499975502215       0.19964747306239397     
         305   1.6416607473486626       0.19899396368120792     
         306   1.6416714270017876       0.19834471862390182     
         307   1.6416820371939382       0.19769969628747586     
         308   1.6416925786005836       0.19705885560833808     
         309   1.6417030518884628       0.19642215605361105     
         310   1.6417134577157260       0.19578955761256037     
         311   1.6417237967320719       0.19516102078823885     
         312   1.6417340695788831       0.19453650658926594     
         313   1.6417442768893589       0.19391597652174181     
         314   1.6417544192886449       0.19329939258136433     
         315   1.6417644973939611       0.19268671724565375     
         316   1.6417745118147271       0.19207791346635283     
         317   1.6417844631526846       0.19147294466194872     
         318   1.6417943520020180       0.19087177471035652     
         319   1.6418041789494733       0.19027436794169766     
         320   1.6418139445744733       0.18968068913129388     
         321   1.6418236494492318       0.18909070349271553     
         322   1.6418332941388656       0.18850437667097825     
         323   1.6418428792015041       0.18792167473588794     
         324   1.6418524051883963       0.18734256417552114     
         325   1.6418618726440175       0.18676701188974543     
         326   1.6418712821061727       0.18619498518394270     
         327   1.6418806341060979       0.18562645176284015     
         328   1.6418899291685607       0.18506137972438194     
         329   1.6418991678119583       0.18449973755380319     
         330   1.6419083505484138       0.18394149411775818     
         331   1.6419174778838708       0.18338661865855624     
         332   1.6419265503181864       0.18283508078853294     
         333   1.6419355683452224       0.18228685048448856     
         334   1.6419445324529351       0.18174189808223457     
         335   1.6419534431234630       0.18120019427127532     
         336   1.6419623008332136       0.18066171008950282     
         337   1.6419711060529478       0.18012641691808087     
         338   1.6419798592478640       0.17959428647634265     
         339   1.6419885608776794       0.17906529081683642     
         340   1.6419972113967105       0.17853940232042576     
         341   1.6420058112539528       0.17801659369145692     
         342   1.6420143608931581       0.17749683795306126     
         343   1.6420228607529104       0.17698010844252526     
         344   1.6420313112667015       0.17646637880670096     
         345   1.6420397128630049       0.17595562299753781     
         346   1.6420480659653471       0.17544781526769565     
         347   1.6420563709923801       0.17494293016619816     
         348   1.6420646283579503       0.17444094253419429     
         349   1.6420728384711678       0.17394182750077347     
         350   1.6420810017364740       0.17344556047884885     
         351   1.6420891185537076       0.17295211716113434     
         352   1.6420971893181704       0.17246147351617622     
         353   1.6421052144206911       0.17197360578442492     
         354   1.6421131942476885       0.17148849047444195     
         355   1.6421211291812334       0.17100610435910671     
         356   1.6421290195991101       0.17052642447189087     
         357   1.6421368658748752       0.17004942810326773     
         358   1.6421446683779182       0.16957509279705407     
         359   1.6421524274735180       0.16910339634695448     
         360   1.6421601435229007       0.16863431679305169     
         361   1.6421678168832954       0.16816783241843192     
         362   1.6421754479079893       0.16770392174579671     
         363   1.6421830369463823       0.16724256353418265     
         364   1.6421905843440396       0.16678373677574890     
         365   1.6421980904427449       0.16632742069253720     
         366   1.6422055555805513       0.16587359473338095     
         367   1.6422129800918328       0.16542223857077340     
         368   1.6422203643073336       0.16497333209788437     
         369   1.6422277085542178       0.16452685542552314     
         370   1.6422350131561170       0.16408278887924974     
         371   1.6422422784331783       0.16364111299644568     
         372   1.6422495047021111       0.16320180852349267     
         373   1.6422566922762329       0.16276485641296506     
         374   1.6422638414655149       0.16233023782088948     
         375   1.6422709525766259       0.16189793410401809     
         376   1.6422780259129772       0.16146792681716937     
         377   1.6422850617747649       0.16104019771060943     
         378   1.6422920604590123       0.16061472872747370     
         379   1.6422990222596123       0.16019150200122920     
         380   1.6423059474673685       0.15977049985313665     
         381   1.6423128363700352       0.15935170478982102     
         382   1.6423196892523575       0.15893509950086845     
         383   1.6423265063961106       0.15852066685639662     
         384   1.6423332880801382       0.15810838990473294     
         385   1.6423400345803911       0.15769825187009287     
         386   1.6423467461699639       0.15729023615031196     
         387   1.6423534231191323       0.15688432631459176     
         388   1.6423600656953892       0.15648050610132638     
         389   1.6423666741634801       0.15607875941590232     
         390   1.6423732487854394       0.15567907032855210     
         391   1.6423797898206236       0.15528142307228893     
         392   1.6423862975257464       0.15488580204078756     
         393   1.6423927721549121       0.15449219178635934     
         394   1.6423992139596482       0.15410057701796792     
         395   1.6424056231889383       0.15371094259921803     
         396   1.6424120000892546       0.15332327354641162     
         397   1.6424183449045888       0.15293755502661749     
         398   1.6424246578764834       0.15255377235582213     
         399   1.6424309392440628       0.15217191099699917     
         400   1.6424371892440628       0.15179195655834130     
         401   1.6424434081108610       0.15141389479139722     
         402   1.6424495960765053       0.15103771158934406     
         403   1.6424557533707440       0.15066339298516479     
         404   1.6424618802210529       0.15029092514998807     
         405   1.6424679768526640       0.14992029439134683     
         406   1.6424740434885929       0.14955148715151798     
         407   1.6424800803496666       0.14918449000583503     
         408   1.6424860876545493       0.14881928966110877     
         409   1.6424920656197695       0.14845587295398047     
         410   1.6424980144597456       0.14809422684936935     
         411   1.6425039343868122       0.14773433843889353     
         412   1.6425098256112443       0.14737619493935789     
         413   1.6425156883412830       0.14701978369121541     
         414   1.6425215227831602       0.14666509215708221     
         415   1.6425273291411222       0.14631210792026619     
         416   1.6425331076174536       0.14596081868333632     
         417   1.6425388584125011       0.14561121226667806     
         418   1.6425445817246964       0.14526327660708968     
         419   1.6425502777505792       0.14491699975639172     
         420   1.6425559466848194       0.14457236988006378     
         421   1.6425615887202401       0.14422937525588111     
         422   1.6425672040478383       0.14388800427260517     
         423   1.6425727928568072       0.14354824542867434     
         424   1.6425783553345574       0.14321008733089446     
         425   1.6425838916667375       0.14287351869318354     
         426   1.6425894020372547       0.14253852833531633     
         427   1.6425948866282962       0.14220510518164198     
         428   1.6426003456203480       0.14187323825993661     
         429   1.6426057791922151       0.14154291670014793     
         430   1.6426111875210414       0.14121412973322092     
         431   1.6426165707823288       0.14088686668992334     
         432   1.6426219291499558       0.14056111699971194     
         433   1.6426272627961964       0.14023687018957154     
         434   1.6426325718917389       0.13991411588290806     
         435   1.6426378566057038       0.13959284379842829     
         436   1.6426431171056617       0.13927304374905977     
         437   1.6426483535576513       0.13895470564085766     
         438   1.6426535661261965       0.13863781947196516     
         439   1.6426587549743241       0.13832237533154712     
         440   1.6426639202635802       0.13800836339877770     
         441   1.6426690621540476       0.13769577394178747     
         442   1.6426741808043619       0.13738459731669145     
         443   1.6426792763717279       0.13707482396657675     
         444   1.6426843490119358       0.13676644442054420     
         445   1.6426893988793767       0.13645944929273629     
         446   1.6426944261270591       0.13615382928135203     
         447   1.6426994309066236       0.13584957516774224     
         448   1.6427044133683584       0.13554667781549182     
         449   1.6427093736612142       0.13524512816947484     
         450   1.6427143119328191       0.13494491725497706     
         451   1.6427192283294938       0.13464603617677803     
         452   1.6427241229962648       0.13434847611831421     
         453   1.6427289960768803       0.13405222834074754     
         454   1.6427338477138225       0.13375728418219598     
         455   1.6427386780483231       0.13346363505680214     
         456   1.6427434872203761       0.13317127245395036     
         457   1.6427482753687512       0.13288018793745679     
         458   1.6427530426310080       0.13259037314470540     
         459   1.6427577891435079       0.13230181978590569     
         460   1.6427625150414285       0.13201451964325564     
         461   1.6427672204587755       0.13172846457017232     
         462   1.6427719055283956       0.13144364649056303     
         463   1.6427765703819892       0.13116005739798828     
         464   1.6427812151501224       0.13087768935498692     
         465   1.6427858399622395       0.13059653449229322     
         466   1.6427904449466746       0.13031658500812143     
         467   1.6427950302306642       0.13003783316742321     
         468   1.6427995959403581       0.12976027130121304     
         469   1.6428041422008315       0.12948389180582537     
         470   1.6428086691360964       0.12920868714224004     
         471   1.6428131768691123       0.12893464983540712     
         472   1.6428176655217983       0.12866177247354504     
         473   1.6428221352150432       0.12839004770749282     
         474   1.6428265860687170       0.12811946825002121     
         475   1.6428310182016810       0.12785002687523933     
         476   1.6428354317317988       0.12758171641789218     
         477   1.6428398267759470       0.12731452977274010     
         478   1.6428442034500248       0.12704845989395111     
         479   1.6428485618689648       0.12678349979446660     
         480   1.6428529021467426       0.12651964254539375     
         481   1.6428572243963870       0.12625688127541171     
         482   1.6428615287299901       0.12599520917013718     
         483   1.6428658152587163       0.12573461947158426     
         484   1.6428700840928123       0.12547510547755727     
         485   1.6428743353416166       0.12521666054107011     
         486   1.6428785691135688       0.12495927806979298     
         487   1.6428827855162185       0.12470295152548526     
         488   1.6428869846562346       0.12444767442345565     
         489   1.6428911666394146       0.12419344033199528     
         490   1.6428953315706931       0.12394024287183765     
         491   1.6428994795541509       0.12368807571563223     
         492   1.6429036106930233       0.12343693258743157     
         493   1.6429077250897086       0.12318680726215127     
         494   1.6429118228457773       0.12293769356505702     
         495   1.6429159040619796       0.12268958537126524     
         496   1.6429199688382543       0.12244247660523001     
         497   1.6429240172737365       0.12219636124025729     
         498   1.6429280494667657       0.12195123329801869     
         499   1.6429320655148940       0.12170708684806587     
         500   1.6429360655148939       0.12146391600733077     
         501   1.6429400495627662       0.12122171493966682     
         502   1.6429440177537473       0.12098047785539003     
         503   1.6429479701823171       0.12074019901081982     
         504   1.6429519069422063       0.12050087270780681     
         505   1.6429558281264038       0.12026249329330073     
         506   1.6429597338271646       0.12002505515887796     
         507   1.6429636241360164       0.11978855274032314     
         508   1.6429674991437664       0.11955298051721061     
         509   1.6429713589405095       0.11931833301243214     
         510   1.6429752036156344       0.11908460479180516     
         511   1.6429790332578309       0.11885179046364117     
         512   1.6429828479550965       0.11861988467832699     
         513   1.6429866477947432       0.11838888212793341     
         514   1.6429904328634044       0.11815877754578327     
         515   1.6429942032470410       0.11792956570607345     
         516   1.6429979590309483       0.11770124142348337     
         517   1.6430017002997621       0.11747379955275659     
         518   1.6430054271374659       0.11724723498832286     
         519   1.6430091396273958       0.11702154266394706     
         520   1.6430128378522479       0.11679671755231086     
         521   1.6430165218940840       0.11657275466466169     
         522   1.6430201918343375       0.11634964905043474     
         523   1.6430238477538195       0.11612739579690207     
         524   1.6430274897327251       0.11590599002879462     
         525   1.6430311178506389       0.11568542690793772     
         526   1.6430347321865408       0.11546570163294068     
         527   1.6430383328188118       0.11524680943880521     
         528   1.6430419198252397       0.11502874559660159     
         529   1.6430454932830247       0.11481150541311765     
         530   1.6430490532687847       0.11459508423054825     
         531   1.6430525998585612       0.11437947742611737     
         532   1.6430561331278246       0.11416468041178114     
         533   1.6430596531514792       0.11395068863390388     
         534   1.6430631600038688       0.11373749757292055     
         535   1.6430666537587819       0.11352510274302641     
         536   1.6430701344894569       0.11331349969186644     
         537   1.6430736022685872       0.11310268400021144     
         538   1.6430770571683260       0.11289265128167447     
         539   1.6430804992602919       0.11268339718236003     
         540   1.6430839286155732       0.11247491738062096     
         541   1.6430873453047330       0.11226720758673450     
         542   1.6430907493978144       0.11206026354259185     
         543   1.6430941409643451       0.11185408102141463     
         544   1.6430975200733418       0.11164865582749854     
         545   1.6431008867933148       0.11144398379590269     
         546   1.6431042411922736       0.11124006079215286     
         547   1.6431075833377304       0.11103688271199830     
         548   1.6431109132967054       0.11083444548110141     
         549   1.6431142311357305       0.11063274505480826     
         550   1.6431175369208544       0.11043177741783800     
         551   1.6431208307176468       0.11023153858402647     
         552   1.6431241125912028       0.11003202459606978     
         553   1.6431273826061468       0.10983323152528124     
         554   1.6431306408266371       0.10963515547129438     
         555   1.6431338873163701       0.10943779256183353     
         556   1.6431371221385842       0.10924113895247087     
         557   1.6431403453560645       0.10904519082632932     
         558   1.6431435570311457       0.10884994439390727     
         559   1.6431467572257175       0.10865539589276790     
         560   1.6431499460012278       0.10846154158732334     
         561   1.6431531234186865       0.10826837776861857     
         562   1.6431562895386698       0.10807590075406161     
         563   1.6431594444213240       0.10788410688719388     
         564   1.6431625881263690       0.10769299253748785     
         565   1.6431657207131025       0.10750255410006343     
         566   1.6431688422404034       0.10731278799552615     
         567   1.6431719527667354       0.10712369066969707     
         568   1.6431750523501514       0.10693525859339675     
         569   1.6431781410482960       0.10674748826224299     
         570   1.6431812189184098       0.10656037619642110     
         571   1.6431842860173329       0.10637391894048155     
         572   1.6431873424015082       0.10618811306309707     
         573   1.6431903881269847       0.10600295515690041     
         574   1.6431934232494216       0.10581844183821466     
         575   1.6431964478240908       0.10563456974691809     
         576   1.6431994619058810       0.10545133554617418     
         577   1.6432024655493005       0.10526873592226972     
         578   1.6432054588084808       0.10508676758441224     
         579   1.6432084417371799       0.10490542726450061     
         580   1.6432114143887853       0.10472471171697653     
         581   1.6432143768163170       0.10454461771859495     
         582   1.6432173290724310       0.10436514206826229     
         583   1.6432202712094228       0.10418628158679329     
         584   1.6432232032792295       0.10400803311678955     
         585   1.6432261253334337       0.10383039352241016     
         586   1.6432290374232659       0.10365335968920962     
         587   1.6432319395996080       0.10347692852393531     
         588   1.6432348319129959       0.10330109695437914     
         589   1.6432377144136228       0.10312586192916150     
         590   1.6432405871513418       0.10295122041756924     
         591   1.6432434501756690       0.10277716940939377     
         592   1.6432463035357858       0.10260370591475551     
         593   1.6432491472805426       0.10243082696391494     
         594   1.6432519814584610       0.10225852960711058     
         595   1.6432548061177363       0.10208681091441058     
         596   1.6432576213062413       0.10191566797551013     
         597   1.6432604270715279       0.10174509789959657     
         598   1.6432632234608300       0.10157509781518737     
         599   1.6432660105210668       0.10140566486994114     
         600   1.6432687882988446       0.10123679623053614     
         601   1.6432715568404599       0.10106848908248132     
         602   1.6432743161919019       0.10090074062996780     
         603   1.6432770663988550       0.10073354809572044     
         604   1.6432798075067010       0.10056690872084931     
         605   1.6432825395605224       0.10040081976467422     
         606   1.6432852626051040       0.10023527850460316     
         607   1.6432879766849360       0.10007028223595700     
         608   1.6432906818442157        9.9905828271861299E-002
         609   1.6432933781268508        9.9741913943043992E-002
         610   1.6432960655764612        9.9578536597740713E-002
         611   1.6432987442363813        9.9415693601533031E-002
         612   1.6433014141496625        9.9253382337213245E-002
         613   1.6433040753590757        9.9091600204609082E-002
         614   1.6433067279071134        9.8930344620502597E-002
         615   1.6433093718359917        9.8769613018454730E-002
         616   1.6433120071876530        9.8609402848670286E-002
         617   1.6433146340037681        9.8449711577876478E-002
         618   1.6433172523257380        9.8290536689187982E-002
         619   1.6433198621946965        9.8131875681971834E-002
         620   1.6433224636515122        9.7973726071712522E-002
         621   1.6433250567367910        9.7816085389877030E-002
         622   1.6433276414908775        9.7658951183793280E-002
         623   1.6433302179538576        9.7502321016542173E-002
         624   1.6433327861655604        9.7346192466795559E-002
         625   1.6433353461655604        9.7190563128721860E-002
         626   1.6433378979931794        9.7035430611837448E-002
         627   1.6433404416874884        9.6880792540912267E-002
         628   1.6433429772873098        9.6726646555821277E-002
         629   1.6433455048312196        9.6572990311436485E-002
         630   1.6433480243575487        9.6419821477505468E-002
         631   1.6433505359043852        9.6267137738556857E-002
         632   1.6433530395095766        9.6114936793738379E-002
         633   1.6433555352107314        9.5963216356722350E-002
         634   1.6433580230452207        9.5811974155624702E-002
         635   1.6433605030501808        9.5661207932829451E-002
         636   1.6433629752625141        9.5510915444934771E-002
         637   1.6433654397188919        9.5361094462590987E-002
         638   1.6433678964557557        9.5211742770433011E-002
         639   1.6433703455093189        9.5062858166931982E-002
         640   1.6433727869155690        9.4914438464327663E-002
         641   1.6433752207102688        9.4766481488493509E-002
         642   1.6433776469289585        9.4618985078842172E-002
         643   1.6433800656069575        9.4471947088217503E-002
         644   1.6433824767793659        9.4325365382786561E-002
         645   1.6433848804810665        9.4179237841931593E-002
         646   1.6433872767467261        9.4033562358155659E-002
         647   1.6433896656107974        9.3888336837001457E-002
         648   1.6433920471075205        9.3743559196902998E-002
         649   1.6433944212709246        9.3599227369145055E-002
         650   1.6433967881348299        9.3455339297701126E-002
         651   1.6433991477328489        9.3311892939179519E-002
         652   1.6434015000983877        9.3168886262728845E-002
         653   1.6434038452646482        9.3026317249916460E-002
         654   1.6434061832646296        9.2884183894634084E-002
         655   1.6434085141311292        9.2742484203043693E-002
         656   1.6434108378967449        9.2601216193429134E-002
         657   1.6434131545938762        9.2460377896142074E-002
         658   1.6434154642547256        9.2319967353494015E-002
         659   1.6434177669113006        9.2179982619675305E-002
         660   1.6434200625954145        9.2040421760660684E-002
         661   1.6434223513386885        9.1901282854114710E-002
         662   1.6434246331725528        9.1762563989310847E-002
         663   1.6434269081282480        9.1624263267050463E-002
         664   1.6434291762368269        9.1486378799541260E-002
         665   1.6434314375291554        9.1348908710370394E-002
         666   1.6434336920359145        9.1211851134355912E-002
         667   1.6434359397876008        9.1075204217519801E-002
         668   1.6434381808145291        9.0938966116952930E-002
         669   1.6434404151468325        9.0803135000774637E-002
         670   1.6434426428144644        9.0667709048038198E-002
         671   1.6434448638472001        9.0532686448622834E-002
         672   1.6434470782746378        9.0398065403179698E-002
         673   1.6434492861261996        9.0263844123050968E-002
         674   1.6434514874311332        9.0130020830188742E-002
         675   1.6434536822185133        8.9996593757074111E-002
         676   1.6434558705172424        8.9863561146636170E-002
         677   1.6434580523560525        8.9730921252184515E-002
         678   1.6434602277635062        8.9598672337314708E-002
         679   1.6434623967679982        8.9466812675840848E-002
         680   1.6434645593977559        8.9335340551741554E-002
         681   1.6434667156808414        8.9204254259051971E-002
         682   1.6434688656451519        8.9073552101809755E-002
         683   1.6434710093184219        8.8943232393974142E-002
         684   1.6434731467282233        8.8813293459371848E-002
         685   1.6434752779019672        8.8683733631602715E-002
         686   1.6434774028669052        8.8554551253972089E-002
         687   1.6434795216501303        8.8425744679423421E-002
         688   1.6434816342785781        8.8297312270470718E-002
         689   1.6434837407790277        8.8169252399131065E-002
         690   1.6434858411781035        8.8041563446843649E-002
         691   1.6434879355022756        8.7914243804415731E-002
         692   1.6434900237778611        8.7787291871955192E-002
         693   1.6434921060310257        8.7660706058789506E-002
         694   1.6434941822877840        8.7534484783411776E-002
         695   1.6434962525740011        8.7408626473413187E-002
         696   1.6434983169153936        8.7283129565415576E-002
         697   1.6435003753375308        8.7157992504990442E-002
         698   1.6435024278658352        8.7033213746631879E-002
         699   1.6435044745255842        8.6908791753662118E-002
         700   1.6435065153419108        8.6784724998177590E-002
         701   1.6435085503398046        8.6661011960994835E-002
         702   1.6435105795441129        8.6537651131569582E-002
         703   1.6435126029795422        8.6414641007942716E-002
         704   1.6435146206706579        8.6291980096699805E-002
         705   1.6435166326418866        8.6169666912890103E-002
         706   1.6435186389175167        8.6047699979959036E-002
         707   1.6435206395216992        8.5926077829694206E-002
         708   1.6435226344784486        8.5804799002198479E-002
         709   1.6435246238116441        8.5683862045781836E-002
         710   1.6435266075450303        8.5563265516948012E-002
         711   1.6435285857022186        8.5443007980299981E-002
         712   1.6435305583066877        8.5323088008499401E-002
         713   1.6435325253817847        8.5203504182212647E-002
         714   1.6435344869507260        8.5084255090056862E-002
         715   1.6435364430365982        8.4965339328532397E-002
         716   1.6435383936623589        8.4846755501982354E-002
         717   1.6435403388508378        8.4728502222525093E-002
         718   1.6435422786247378        8.4610578110000195E-002
         719   1.6435442130066351        8.4492981791928032E-002
         720   1.6435461420189807        8.4375711903455705E-002
         721   1.6435480656841015        8.4258767087276115E-002
         722   1.6435499840242003        8.4142145993614428E-002
         723   1.6435518970613572        8.4025847280160562E-002
         724   1.6435538048175307        8.3909869612001767E-002
         725   1.6435557073145579        8.3794211661595522E-002
         726   1.6435576045741562        8.3678872108688643E-002
         727   1.6435594966179230        8.3563849640317198E-002
         728   1.6435613834673373        8.3449142950712138E-002
         729   1.6435632651437604        8.3334750741258637E-002
         730   1.6435651416684367        8.3220671720455705E-002
         731   1.6435670130624942        8.3106904603875709E-002
         732   1.6435688793469458        8.2993448114083268E-002
         733   1.6435707405426896        8.2880300980635382E-002
         734   1.6435725966705099        8.2767461939986867E-002
         735   1.6435744477510783        8.2654929735463359E-002
         736   1.6435762938049536        8.2542703117234356E-002
         737   1.6435781348525833        8.2430780842245671E-002
         738   1.6435799709143044        8.2319161674152000E-002
         739   1.6435818020103437        8.2207844383316853E-002
         740   1.6435836281608185        8.2096827746745135E-002
         741   1.6435854493857380        8.1986110548029068E-002
         742   1.6435872657050035        8.1875691577321302E-002
         743   1.6435890771384087        8.1765569631294305E-002
         744   1.6435908837056419        8.1655743513059431E-002
         745   1.6435926854262850        8.1546212032166929E-002
         746   1.6435944823198154        8.1436974004538393E-002
         747   1.6435962744056061        8.1328028252439857E-002
         748   1.6435980617029267        8.1219373604414224E-002
         749   1.6435998442309436        8.1111008895281250E-002
         750   1.6436016220087215        8.1002932966056637E-002
         751   1.6436033950552231        8.0895144663938504E-002
         752   1.6436051633893110        8.0787642842226323E-002
         753   1.6436069270297471        8.0680426360321023E-002
         754   1.6436086859951939        8.0573494083684416E-002
         755   1.6436104403042155        8.0466844883758243E-002
         756   1.6436121899752774        8.0360477637977698E-002
         757   1.6436139350267476        8.0254391229690331E-002
         758   1.6436156754768976        8.0148584548129204E-002
         759   1.6436174113439024        8.0043056488385750E-002
         760   1.6436191426458415        7.9937805951355870E-002
         761   1.6436208694006993        7.9832831843726401E-002
         762   1.6436225916263660        7.9728133077894114E-002
         763   1.6436243093406380        7.9623708571979257E-002
         764   1.6436260225612185        7.9519557249744494E-002
         765   1.6436277313057184        7.9415678040581444E-002
         766   1.6436294355916568        7.9312069879456742E-002
         767   1.6436311354364610        7.9208731706911908E-002
         768   1.6436328308574679        7.9105662468996002E-002
         769   1.6436345218719244        7.9002861117224973E-002
         770   1.6436362084969875        7.8900326608568341E-002
         771   1.6436378907497258        7.8798057905395000E-002
         772   1.6436395686471190        7.8696053975446392E-002
         773   1.6436412422060593        7.8594313791809436E-002
         774   1.6436429114433515        7.8492836332876015E-002
         775   1.6436445763757137        7.8391620582302507E-002
         776   1.6436462370197780        7.8290665528982797E-002
         777   1.6436478933920906        7.8189970167021228E-002
         778   1.6436495455091134        7.8089533495665220E-002
         779   1.6436511933872231        7.7989354519318627E-002
         780   1.6436528370427128        7.7889432247487816E-002
         781   1.6436544764917924        7.7789765694727675E-002
         782   1.6436561117505886        7.7690353880655150E-002
         783   1.6436577428351455        7.7591195829895099E-002
         784   1.6436593697614263        7.7492290572013012E-002
         785   1.6436609925453121        7.7393637141555324E-002
         786   1.6436626112026034        7.7295234577955008E-002
         787   1.6436642257490208        7.7197081925518107E-002
         788   1.6436658362002048        7.7099178233423618E-002
         789   1.6436674425717168        7.7001522555642646E-002
         790   1.6436690448790394        7.6904113950951800E-002
         791   1.6436706431375769        7.6806951482879221E-002
         792   1.6436722373626560        7.6710034219677634E-002
         793   1.6436738275695260        7.6613361234297225E-002
         794   1.6436754137733596        7.6516931604345320E-002
         795   1.6436769959892530        7.6420744412086253E-002
         796   1.6436785742322266        7.6324798744387412E-002
         797   1.6436801485172257        7.6229093692692249E-002
         798   1.6436817188591204        7.6133628352993254E-002
         799   1.6436832852727068        7.6038401825805027E-002
         800   1.6436848477727068        7.5943413216137165E-002
         801   1.6436864063737688        7.5848661633480918E-002
         802   1.6436879610904684        7.5754146191741534E-002
         803   1.6436895119373083        7.5659866009265359E-002
         804   1.6436910589287195        7.5565820208745318E-002
         805   1.6436926020790610        7.5472007917261399E-002
         806   1.6436941414026207        7.5378428266213215E-002
         807   1.6436956769136157        7.5285080391306408E-002
         808   1.6436972086261930        7.5191963432512221E-002
         809   1.6436987365544291        7.5099076534067499E-002
         810   1.6437002607123319        7.5006418844407202E-002
         811   1.6437017811138395        7.4913989516191312E-002
         812   1.6437032977728216        7.4821787706237486E-002
         813   1.6437048107030801        7.4729812575507412E-002
         814   1.6437063199183486        7.4638063289079917E-002
         815   1.6437078254322934        7.4546539016150937E-002
         816   1.6437093272585142        7.4455238929966014E-002
         817   1.6437108254105437        7.4364162207820245E-002
         818   1.6437123199018489        7.4273308031031410E-002
         819   1.6437138107458305        7.4182675584926375E-002
         820   1.6437152979558245        7.4092264058773588E-002
         821   1.6437167815451017        7.4002072645810185E-002
         822   1.6437182615268684        7.3912100543187850E-002
         823   1.6437197379142665        7.3822346951972942E-002
         824   1.6437212107203745        7.3732811077092397E-002
         825   1.6437226799582074        7.3643492127320340E-002
         826   1.6437241456407172        7.3554389315277968E-002
         827   1.6437256077807931        7.3465501857393145E-002
         828   1.6437270663912624        7.3376828973859831E-002
         829   1.6437285214848905        7.3288369888638169E-002
         830   1.6437299730743808        7.3200123829440925E-002
         831   1.6437314211723766        7.3112090027665985E-002
         832   1.6437328657914594        7.3024267718436897E-002
         833   1.6437343069441510        7.2936656140521833E-002
         834   1.6437357446429128        7.2849254536360653E-002
         835   1.6437371789001469        7.2762062151997320E-002
         836   1.6437386097281956        7.2675078237106963E-002
         837   1.6437400371393429        7.2588302044914885E-002
         838   1.6437414611458137        7.2501732832237029E-002
         839   1.6437428817597746        7.2415369859425982E-002
         840   1.6437442989933346        7.2329212390343997E-002
         841   1.6437457128585451        7.2243259692363004E-002
         842   1.6437471233674004        7.2157511036310587E-002
         843   1.6437485305318373        7.2071965696510490E-002
         844   1.6437499343637370        7.1986622950688126E-002
         845   1.6437513348749235        7.1901482080011098E-002
         846   1.6437527320771657        7.1816542369035119E-002
         847   1.6437541259821766        7.1731803105677172E-002
         848   1.6437555166016142        7.1647263581228818E-002
         849   1.6437569039470812        7.1562923090329369E-002
         850   1.6437582880301262        7.1478780930898267E-002
         851   1.6437596688622433        7.1394836404189158E-002
         852   1.6437610464548726        7.1311088814722354E-002
         853   1.6437624208194008        7.1227537470271371E-002
         854   1.6437637919671613        7.1144181681849411E-002
         855   1.6437651599094341        7.1061020763709348E-002
         856   1.6437665246574469        7.0978054033289745E-002
         857   1.6437678862223752        7.0895280811201389E-002
         858   1.6437692446153420        7.0812700421254218E-002
         859   1.6437705998474188        7.0730312190376399E-002
         860   1.6437719519296254        7.0648115448641274E-002
         861   1.6437733008729307        7.0566109529226886E-002
         862   1.6437746466882526        7.0484293768402484E-002
         863   1.6437759893864583        7.0402667505515035E-002
         864   1.6437773289783650        7.0321230082962191E-002
         865   1.6437786654747397        7.0239980846192304E-002
         866   1.6437799988862998        7.0158919143663956E-002
         867   1.6437813292237133        7.0078044326832414E-002
         868   1.6437826564975990        6.9997355750163165E-002
         869   1.6437839807185268        6.9916852771077925E-002
         870   1.6437853018970181        6.9836534749954604E-002
         871   1.6437866200435458        6.9756401050113825E-002
         872   1.6437879351685354        6.9676451037764958E-002
         873   1.6437892472823639        6.9596684082060059E-002
         874   1.6437905563953612        6.9517099555012909E-002
         875   1.6437918625178103        6.9437696831499016E-002
         876   1.6437931656599467        6.9358475289269139E-002
         877   1.6437944658319594        6.9279434308908733E-002
         878   1.6437957630439912        6.9200573273810961E-002
         879   1.6437970573061389        6.9121891570163269E-002
         880   1.6437983486284529        6.9043388586974300E-002
         881   1.6437996370209385        6.8965063715992911E-002
         882   1.6438009224935552        6.8886916351748720E-002
         883   1.6438022050562180        6.8808945891498094E-002
         884   1.6438034847187966        6.8731151735224080E-002
         885   1.6438047614911162        6.8653533285623028E-002
         886   1.6438060353829578        6.8576089948090974E-002
         887   1.6438073064040579        6.8498821130710250E-002
         888   1.6438085745641098        6.8421726244208850E-002
         889   1.6438098398727627        6.8344804701974085E-002
         890   1.6438111023396229        6.8268055920025494E-002
         891   1.6438123619742533        6.8191479317001327E-002
         892   1.6438136187861738        6.8115074314158641E-002
         893   1.6438148727848620        6.8038840335332681E-002
         894   1.6438161239797531        6.7962776806936992E-002
         895   1.6438173723802401        6.7886883157936326E-002
         896   1.6438186179956737        6.7811158819873707E-002
         897   1.6438198608353636        6.7735603226802957E-002
         898   1.6438211009085775        6.7660215815302099E-002
         899   1.6438223382245423        6.7584996024446412E-002
         900   1.6438235727924435        6.7509943295821953E-002
         901   1.6438248046214263        6.7435057073471569E-002
         902   1.6438260337205950        6.7360336803921825E-002
         903   1.6438272600990136        6.7285781936142527E-002
         904   1.6438284837657064        6.7211391921519828E-002
         905   1.6438297047296575        6.7137166213896579E-002
         906   1.6438309229998114        6.7063104269504903E-002
         907   1.6438321385850732        6.6989205546979722E-002
         908   1.6438333514943086        6.6915469507345213E-002
         909   1.6438345617363450        6.6841895613974300E-002
         910   1.6438357693199701        6.6768483332629205E-002
         911   1.6438369742539336        6.6695232131393944E-002
         912   1.6438381765469467        6.6622141480687749E-002
         913   1.6438393762076826        6.6549210853251675E-002
         914   1.6438405732447765        6.6476439724121525E-002
         915   1.6438417676668255        6.6403827570654911E-002
         916   1.6438429594823898        6.6331373872463698E-002
         917   1.6438441486999917        6.6259078111441022E-002
         918   1.6438453353281168        6.6186939771734343E-002
         919   1.6438465193752134        6.6114958339745372E-002
         920   1.6438477008496937        6.6043133304076101E-002
         921   1.6438488797599327        6.5971464155582832E-002
         922   1.6438500561142695        6.5899950387308628E-002
         923   1.6438512299210069        6.5828591494510355E-002
         924   1.6438524011884119        6.5757386974604648E-002
         925   1.6438535699247159        6.5686336327194964E-002
         926   1.6438547361381142        6.5615439054058033E-002
         927   1.6438558998367674        6.5544694659089867E-002
         928   1.6438570610288006        6.5474102648346286E-002
         929   1.6438582197223042        6.5403662529988874E-002
         930   1.6438593759253335        6.5333373814312076E-002
         931   1.6438605296459092        6.5263236013716086E-002
         932   1.6438616808920181        6.5193248642666388E-002
         933   1.6438628296716120        6.5123411217747770E-002
         934   1.6438639759926095        6.5053723257569848E-002
         935   1.6438651198628946        6.4984184282834520E-002
         936   1.6438662612903181        6.4914793816281971E-002
         937   1.6438674002826972        6.4845551382677211E-002
         938   1.6438685368478156        6.4776456508823549E-002
         939   1.6438696709934240        6.4707508723549079E-002
         940   1.6438708027272402        6.4638707557652747E-002
         941   1.6438719320569490        6.4570052543958256E-002
         942   1.6438730589902031        6.4501543217246646E-002
         943   1.6438741835346220        6.4433179114296774E-002
         944   1.6438753056977935        6.4364959773831262E-002
         945   1.6438764254872731        6.4296884736530086E-002
         946   1.6438775429105843        6.4228953545017023E-002
         947   1.6438786579752189        6.4161165743846144E-002
         948   1.6438797706886374        6.4093520879474883E-002
         949   1.6438808810582684        6.4026018500304427E-002
         950   1.6438819890915093        6.3958658156612322E-002
         951   1.6438830947957268        6.3891439400565922E-002
         952   1.6438841981782564        6.3824361786222389E-002
         953   1.6438852992464026        6.3757424869515203E-002
         954   1.6438863980074396        6.3690628208227185E-002
         955   1.6438874944686113        6.3623971361990453E-002
         956   1.6438885886371308        6.3557453892286467E-002
         957   1.6438896805201815        6.3491075362432481E-002
         958   1.6438907701249164        6.3424835337568097E-002
         959   1.6438918574584591        6.3358733384628232E-002
         960   1.6438929425279036        6.3292769072356647E-002
         961   1.6438940253403140        6.3226941971305906E-002
         962   1.6438951059027251        6.3161251653810396E-002
         963   1.6438961842221427        6.3095697693972858E-002
         964   1.6438972603055435        6.3030279667650846E-002
         965   1.6438983341598752        6.2964997152483743E-002
         966   1.6438994057920566        6.2899849727852272E-002
         967   1.6439004752089785        6.2834836974851455E-002
         968   1.6439015424175025        6.2769958476344714E-002
         969   1.6439026074244623        6.2705213816896241E-002
         970   1.6439036702366634        6.2640602582771071E-002
         971   1.6439047308608832        6.2576124361962124E-002
         972   1.6439057893038711        6.2511778744149579E-002
         973   1.6439068455723491        6.2447565320687529E-002
         974   1.6439078996730114        6.2383483684617352E-002
         975   1.6439089516125249        6.2319533430640763E-002
         976   1.6439100013975290        6.2255714155133361E-002
         977   1.6439110490346358        6.2192025456117551E-002
         978   1.6439120945304309        6.2128466933249082E-002
         979   1.6439131378914724        6.2065038187830553E-002
         980   1.6439141791242922        6.2001738822784390E-002
         981   1.6439152182353949        6.1938568442666389E-002
         982   1.6439162552312594        6.1875526653611665E-002
         983   1.6439172901183376        6.1812613063388686E-002
         984   1.6439183229030558        6.1749827281331771E-002
         985   1.6439193535918135        6.1687168918395083E-002
         986   1.6439203821909849        6.1624637587071637E-002
         987   1.6439214087069181        6.1562232901447272E-002
         988   1.6439224331459352        6.1499954477173713E-002
         989   1.6439234555143334        6.1437801931441501E-002
         990   1.6439244758183840        6.1375774882993561E-002
         991   1.6439254940643331        6.1313872952111631E-002
         992   1.6439265102584018        6.1252095760602830E-002
         993   1.6439275244067859        6.1190442931799614E-002
         994   1.6439285365156564        6.1128914090559795E-002
         995   1.6439295465911596        6.1067508863226060E-002
         996   1.6439305546394170        6.1006226877666409E-002
         997   1.6439315606665255        6.0945067763220243E-002
         998   1.6439325646785576        6.0884031150725285E-002
         999   1.6439335666815615        6.0823116672504132E-002
        1000   1.6439345666815615        6.0762323962323735E-002
